253
101.360001
101.620003
101.809998
102.209999
102.160004
102.440002
102.239998
102.199997
102.510002
102.809998
102.959999
102.769997
102.959999
103.970001
104.389999
103.449997
102.580002
103.010002
103.150002
103.019997
103.480003
103.269997
102.849998
103.349998
103.239998
103.129997
102.639999
102.879997
102.680000
102.650002
102.139999
102.129997
101.860001
101.220001
101.760002
101.860001
101.680000
101.410004
101.919998
102.349998
102.900002
102.389999
102.410004
102.089996
101.559998
101.879997
101.889999
101.540001
101.889999
102.349998
102.459999
102.419998
103.029999
102.769997
103.300003
102.879997
102.750000
102.849998
102.500000
102.620003
102.940002
102.139999
101.779999
101.889999
102.449997
102.250000
102.510002
102.610001
102.680000
102.779999
102.550003
102.269997
102.029999
101.769997
101.400002
101.949997
102.000000
102.029999
101.650002
101.519997
101.540001
102.019997
101.970001
102.360001
101.599998
102.010002
102.139999
101.570000
102.000000
102.440002
102.169998
101.809998
101.820000
101.699997
101.870003
102.150002
102.300003
102.160004
101.910004
101.739998
101.500000
101.269997
100.870003
100.959999
100.760002
100.680000
101.290001
100.519997
100.910004
100.500000
100.250000
100.180000
99.889999
99.570000
99.570000
99.699997
99.860001
99.910004
100.110001
99.930000
99.930000
100.040001
100.250000
99.989998
100.660004
100.620003
100.010002
99.870003
99.589996
100.000000
100.500000
100.769997
101.059998
100.220001
100.639999
100.510002
100.000000
99.339996
99.330002
99.419998
99.199997
99.410004
99.800003
99.949997
99.800003
99.870003
100.370003
100.190002
99.809998
99.800003
99.449997
99.449997
99.800003
99.510002
99.690002
99.860001
99.879997
100.230003
100.250000
100.379997
100.459999
100.449997
100.190002
100.760002
100.519997
100.580002
100.809998
101.260002
100.309998
100.699997
100.989998
101.239998
100.959999
101.470001
101.400002
101.900002
101.699997
101.349998
102.019997
100.769997
100.500000
100.000000
99.879997
99.320000
99.000000
99.500000
98.660004
98.550003
98.250000
97.900002
97.449997
98.220001
98.620003
98.410004
96.169998
94.519997
91.300003
90.389999
92.629997
94.419998
95.250000
93.379997
94.889999
96.410004
97.269997
97.970001
96.150002
94.699997
94.699997
95.209999
96.349998
95.540001
95.989998
95.160004
96.830002
97.489998
96.870003
97.290001
95.949997
97.580002
96.680000
97.000000
96.910004
97.070000
97.459999
97.900002
97.400002
97.110001
97.739998
99.199997
98.930000
98.980003
99.010002
99.599998
99.620003
99.510002
99.820000
99.750000
99.650002
100.199997
100.599998
100.430000
101.129997
101.760002
101.910004
101.930000
102.300003
102.290001
103.279999
104.099998
103.029999
103.660004
104.239998
