201
112.680000
112.889999
113.129997
112.919998
112.849998
112.489998
112.900002
112.889999
112.970001
113.180000
113.160004
113.019997
113.250000
113.440002
113.639999
113.680000
114.139999
114.099998
114.129997
114.279999
114.480003
114.199997
114.099998
113.820000
113.820000
114.199997
114.440002
114.349998
114.120003
114.110001
114.349998
114.480003
114.400002
114.529999
114.860001
115.430000
115.279999
115.320000
115.750000
115.879997
116.290001
116.050003
116.830002
116.989998
118.180000
119.269997
117.410004
116.699997
113.980003
111.529999
111.370003
112.889999
109.360001
106.470001
108.459999
109.900002
111.519997
114.000000
114.199997
114.779999
115.769997
115.709999
115.379997
115.019997
114.949997
115.019997
115.610001
115.699997
116.500000
117.089996
116.989998
117.029999
117.190002
117.519997
117.150002
117.430000
117.160004
117.330002
117.220001
117.209999
117.269997
117.290001
117.379997
116.970001
116.889999
116.959999
116.440002
116.610001
116.680000
116.400002
116.459999
116.629997
116.910004
117.040001
116.970001
116.910004
117.029999
117.349998
117.599998
117.379997
117.500000
117.139999
117.430000
117.349998
117.379997
117.260002
117.269997
116.750000
116.809998
117.309998
117.250000
117.730003
117.599998
117.720001
117.980003
117.739998
117.879997
117.800003
118.000000
117.790001
117.699997
117.940002
117.989998
118.010002
118.279999
117.900002
118.050003
118.180000
118.230003
118.349998
118.400002
118.830002
118.459999
118.580002
118.500000
118.830002
118.940002
119.029999
119.099998
119.220001
119.349998
119.260002
119.400002
119.300003
119.300003
119.510002
119.449997
119.370003
119.419998
119.389999
119.620003
119.660004
119.620003
119.110001
118.730003
118.779999
118.430000
118.379997
118.430000
118.650002
118.580002
118.739998
118.720001
118.349998
118.349998
118.550003
118.080002
118.139999
118.120003
118.419998
118.730003
118.410004
118.339996
118.389999
118.150002
118.419998
118.470001
118.290001
118.529999
118.500000
118.440002
118.410004
118.250000
118.349998
118.010002
118.120003
118.180000
118.279999
118.260002
117.809998
118.029999
117.739998
117.599998
117.529999
117.669998
117.650002
117.849998
118.010002
118.099998
118.150002
117.989998
