4027
102.150002
101.540001
101.940002
102.199997
102.199997
103.139999
103.199997
103.040001
103.050003
103.349998
103.400002
103.180000
103.279999
103.379997
103.779999
103.080002
102.879997
103.139999
102.540001
102.830002
102.540001
102.779999
102.680000
102.599998
102.639999
102.930000
102.879997
102.669998
103.199997
103.230003
103.279999
103.449997
103.080002
103.230003
103.080002
103.330002
103.349998
103.330002
103.489998
103.349998
103.099998
103.080002
103.080002
103.900002
104.150002
104.180000
104.300003
104.540001
104.300003
104.150002
104.080002
104.580002
104.320000
104.239998
104.239998
104.349998
104.500000
104.349998
104.300003
103.779999
103.930000
103.800003
103.779999
102.410004
102.050003
102.449997
102.480003
102.300003
102.349998
101.980003
101.500000
101.480003
101.849998
101.949997
101.650002
101.050003
101.599998
101.449997
101.349998
101.449997
101.589996
101.029999
100.940002
100.650002
100.599998
100.650002
100.250000
99.500000
99.400002
99.010002
99.449997
99.250000
99.279999
99.660004
99.739998
99.639999
99.790001
99.949997
99.599998
99.889999
99.989998
100.150002
100.540001
99.800003
99.690002
99.500000
99.589996
99.489998
99.489998
99.160004
99.339996
99.000000
99.489998
99.839996
99.639999
99.809998
99.989998
99.940002
99.889999
100.290001
100.239998
100.000000
99.410004
100.139999
100.290001
100.989998
100.989998
100.870003
100.940002
100.970001
100.800003
100.889999
100.989998
100.709999
101.010002
101.489998
101.250000
100.750000
100.989998
101.139999
101.000000
100.889999
100.489998
100.589996
100.709999
101.080002
100.879997
100.790001
101.160004
101.860001
101.989998
101.989998
101.680000
101.510002
102.150002
102.040001
102.089996
102.389999
102.120003
102.389999
102.089996
101.750000
102.089996
102.190002
102.389999
102.440002
102.660004
102.309998
102.419998
101.989998
101.889999
101.849998
102.419998
102.550003
102.470001
102.570000
102.639999
102.650002
102.889999
102.889999
102.940002
103.040001
103.220001
102.839996
102.860001
103.139999
102.620003
102.589996
102.260002
101.760002
102.010002
102.169998
101.970001
102.570000
102.360001
102.760002
102.410004
102.900002
103.000000
102.989998
102.650002
102.910004
103.199997
103.150002
103.430000
103.250000
103.370003
102.889999
103.150002
102.889999
102.860001
102.639999
102.989998
102.440002
102.360001
102.389999
102.330002
102.239998
102.389999
102.389999
102.440002
102.260002
102.739998
102.580002
102.559998
102.589996
102.629997
102.370003
102.239998
102.120003
101.949997
101.669998
102.220001
102.250000
102.389999
102.449997
102.790001
102.750000
102.690002
102.410004
103.070000
102.989998
102.449997
102.690002
102.599998
102.500000
102.699997
102.400002
102.339996
102.489998
102.360001
102.360001
102.339996
102.459999
102.199997
102.290001
102.389999
102.320000
102.419998
102.430000
102.639999
102.669998
102.540001
102.769997
102.790001
102.889999
103.040001
102.940002
102.940002
102.690002
102.889999
103.019997
102.500000
102.720001
102.589996
103.120003
103.110001
103.129997
103.239998
103.330002
103.110001
102.930000
102.709999
103.080002
102.660004
102.510002
102.529999
102.589996
102.580002
102.449997
102.480003
101.690002
101.610001
101.940002
102.040001
102.139999
101.889999
101.660004
101.449997
101.389999
101.150002
101.400002
101.220001
101.489998
101.199997
101.330002
101.400002
100.610001
100.650002
100.720001
100.790001
101.000000
101.230003
101.239998
101.089996
101.059998
101.139999
101.309998
100.989998
101.050003
101.089996
101.680000
101.660004
101.930000
102.089996
101.870003
101.940002
101.709999
102.050003
102.000000
102.120003
102.250000
102.199997
102.309998
102.089996
102.070000
101.919998
102.099998
101.830002
101.629997
101.870003
102.029999
101.839996
102.260002
102.260002
102.260002
102.400002
102.320000
102.309998
102.209999
102.629997
102.839996
102.550003
102.589996
102.800003
102.690002
103.199997
103.440002
102.940002
103.199997
103.190002
102.940002
102.860001
102.580002
102.480003
102.370003
102.500000
102.510002
102.510002
102.669998
103.050003
103.139999
103.339996
103.389999
103.250000
103.339996
103.190002
102.940002
102.339996
102.489998
102.690002
102.589996
102.180000
102.480003
102.300003
102.360001
102.190002
102.239998
102.110001
102.010002
102.150002
101.949997
101.949997
101.879997
101.910004
101.980003
102.139999
101.589996
101.519997
101.540001
101.680000
101.230003
101.180000
101.180000
101.410004
101.309998
101.589996
101.849998
101.839996
101.889999
101.900002
101.889999
101.949997
102.040001
102.129997
102.239998
102.220001
102.199997
102.339996
102.690002
102.540001
102.470001
102.550003
102.290001
102.300003
102.129997
102.000000
102.099998
102.290001
102.050003
101.940002
101.680000
101.839996
102.089996
102.089996
102.040001
101.650002
101.680000
101.639999
101.720001
101.690002
101.000000
101.029999
101.050003
101.220001
100.949997
101.089996
101.139999
100.820000
100.660004
100.599998
100.760002
100.760002
100.739998
100.739998
100.940002
101.070000
100.720001
100.379997
100.389999
100.489998
100.099998
100.080002
99.889999
99.790001
99.589996
99.690002
99.889999
99.879997
99.739998
99.820000
99.980003
99.849998
100.089996
100.230003
100.330002
100.440002
100.489998
100.739998
100.650002
100.500000
100.800003
100.519997
99.900002
99.839996
99.800003
99.860001
100.000000
100.000000
100.150002
100.050003
99.750000
100.239998
100.400002
100.570000
100.440002
100.400002
100.389999
100.500000
100.370003
100.860001
100.680000
100.410004
100.559998
100.470001
100.690002
100.820000
100.879997
100.739998
100.820000
100.730003
100.519997
100.879997
101.050003
101.349998
101.040001
101.089996
101.019997
101.099998
100.930000
100.550003
100.589996
100.500000
100.510002
100.150002
99.989998
99.839996
100.070000
100.330002
100.190002
100.129997
100.139999
99.989998
99.849998
100.080002
99.949997
99.919998
100.269997
100.139999
100.339996
100.129997
100.389999
100.459999
100.120003
99.849998
99.629997
99.400002
99.250000
99.349998
99.309998
99.230003
99.260002
99.410004
99.379997
99.610001
99.790001
99.699997
99.580002
99.620003
99.699997
99.580002
99.709999
99.599998
99.320000
99.110001
98.910004
98.529999
98.660004
98.959999
98.790001
98.570000
98.059998
98.489998
98.419998
98.190002
98.250000
98.370003
98.410004
98.410004
98.239998
98.489998
98.550003
98.120003
98.000000
98.440002
98.089996
97.830002
97.889999
97.339996
98.139999
97.989998
97.940002
97.970001
97.910004
97.720001
97.699997
97.650002
97.760002
98.070000
98.169998
98.430000
98.050003
98.190002
98.250000
98.290001
98.199997
98.309998
97.639999
98.150002
97.959999
98.080002
98.120003
98.180000
98.110001
98.360001
98.400002
98.199997
97.919998
97.970001
97.639999
97.610001
97.510002
97.580002
97.230003
97.010002
97.279999
97.360001
97.150002
97.550003
96.989998
97.220001
97.089996
97.129997
97.480003
97.599998
97.500000
97.529999
97.800003
97.790001
97.580002
97.470001
97.839996
98.260002
98.080002
98.160004
98.059998
98.290001
98.529999
98.500000
98.180000
98.339996
98.389999
98.550003
98.620003
98.589996
98.449997
98.690002
98.519997
98.419998
98.660004
99.050003
99.139999
99.120003
99.190002
99.209999
99.199997
99.360001
99.320000
99.220001
99.260002
99.309998
99.489998
99.150002
99.199997
99.010002
99.050003
99.269997
99.260002
99.169998
99.489998
99.389999
99.449997
98.860001
99.470001
99.690002
99.690002
100.129997
100.260002
100.349998
100.400002
100.290001
100.220001
99.739998
99.889999
99.900002
100.110001
99.860001
99.620003
99.470001
99.480003
99.339996
99.199997
99.339996
99.580002
99.419998
99.389999
99.480003
99.199997
99.239998
99.199997
99.690002
100.120003
100.019997
100.059998
100.050003
100.000000
99.660004
99.500000
99.849998
99.860001
100.029999
100.250000
100.169998
100.440002
100.279999
100.360001
100.110001
100.349998
100.389999
100.470001
100.699997
100.519997
100.870003
100.940002
100.940002
100.639999
100.860001
101.029999
100.820000
100.739998
100.680000
100.589996
100.699997
100.589996
100.480003
100.830002
100.370003
100.320000
100.410004
100.480003
100.519997
100.279999
100.010002
99.949997
99.730003
100.000000
100.029999
100.000000
100.150002
100.169998
100.110001
100.040001
99.800003
99.820000
99.889999
99.739998
99.930000
99.910004
99.889999
99.839996
99.709999
99.459999
99.680000
99.550003
99.510002
99.760002
99.389999
99.570000
99.699997
99.860001
99.870003
99.800003
99.680000
99.529999
99.790001
100.160004
100.139999
100.160004
100.160004
100.180000
100.110001
100.410004
100.919998
100.919998
100.699997
100.540001
100.690002
100.410004
100.570000
100.599998
100.330002
100.470001
100.669998
100.720001
100.809998
100.550003
100.489998
100.680000
100.550003
100.690002
100.669998
100.400002
100.449997
100.550003
100.360001
100.419998
100.190002
99.980003
100.010002
100.010002
99.699997
99.739998
99.839996
99.650002
99.790001
99.650002
99.910004
100.190002
100.300003
100.260002
100.180000
100.309998
100.370003
100.309998
100.160004
100.300003
100.000000
100.080002
100.010002
100.059998
100.050003
100.190002
100.190002
100.050003
100.220001
100.000000
99.989998
99.750000
99.790001
99.680000
99.529999
99.639999
99.400002
99.239998
99.320000
99.360001
99.449997
99.250000
98.720001
98.709999
98.669998
98.519997
98.230003
97.599998
97.580002
97.550003
97.110001
97.470001
97.660004
97.849998
98.120003
98.040001
97.940002
97.849998
98.239998
98.169998
98.360001
98.209999
98.309998
97.959999
98.339996
97.959999
97.410004
97.709999
97.949997
98.209999
98.019997
97.980003
97.970001
98.040001
97.949997
98.059998
98.150002
98.239998
98.389999
98.230003
98.570000
98.709999
98.809998
98.629997
98.519997
98.320000
98.519997
98.860001
98.599998
98.480003
98.459999
98.680000
98.040001
98.290001
98.790001
98.720001
98.669998
98.900002
99.309998
99.150002
99.160004
99.269997
99.239998
99.410004
99.769997
99.739998
99.699997
99.980003
99.089996
99.639999
99.930000
100.290001
100.029999
100.209999
99.800003
100.099998
99.860001
99.830002
100.099998
99.940002
99.599998
99.730003
99.959999
99.669998
99.650002
99.980003
99.820000
99.180000
99.860001
99.790001
99.320000
99.360001
99.529999
99.459999
99.389999
99.550003
99.430000
99.660004
99.660004
100.279999
100.500000
100.809998
100.639999
100.870003
101.129997
100.760002
100.779999
100.849998
100.559998
100.300003
100.459999
100.769997
100.400002
100.400002
100.510002
100.669998
100.500000
100.750000
100.540001
100.809998
101.000000
100.809998
101.230003
101.410004
101.540001
101.529999
102.209999
101.620003
101.860001
101.519997
101.900002
102.169998
101.800003
101.370003
101.260002
100.879997
100.889999
100.769997
100.940002
100.599998
100.680000
100.930000
101.139999
101.550003
101.260002
100.750000
100.750000
100.529999
100.820000
101.320000
101.360001
101.620003
101.809998
102.209999
102.160004
102.440002
102.239998
102.199997
102.510002
102.809998
102.959999
102.769997
102.959999
103.970001
104.389999
103.449997
102.580002
103.010002
103.150002
103.019997
103.480003
103.269997
102.849998
103.349998
103.239998
103.129997
102.639999
102.879997
102.680000
102.650002
102.139999
102.129997
101.860001
101.220001
101.760002
101.860001
101.680000
101.410004
101.919998
102.349998
102.900002
102.389999
102.410004
102.089996
101.559998
101.879997
101.889999
101.540001
101.889999
102.349998
102.459999
102.419998
103.029999
102.769997
103.300003
102.879997
102.750000
102.849998
102.500000
102.620003
102.940002
102.139999
101.779999
101.889999
102.449997
102.250000
102.510002
102.610001
102.680000
102.779999
102.550003
102.269997
102.029999
101.769997
101.400002
101.949997
102.000000
102.029999
101.650002
101.519997
101.540001
102.019997
101.970001
102.360001
101.599998
102.010002
102.139999
101.570000
102.000000
102.440002
102.169998
101.809998
101.820000
101.699997
101.870003
102.150002
102.300003
102.160004
101.910004
101.739998
101.500000
101.269997
100.870003
100.959999
100.760002
100.680000
101.290001
100.519997
100.910004
100.500000
100.250000
100.180000
99.889999
99.570000
99.570000
99.699997
99.860001
99.910004
100.110001
99.930000
99.930000
100.040001
100.250000
99.989998
100.660004
100.620003
100.010002
99.870003
99.589996
100.000000
100.500000
100.769997
101.059998
100.220001
100.639999
100.510002
100.000000
99.339996
99.330002
99.419998
99.199997
99.410004
99.800003
99.949997
99.800003
99.870003
100.370003
100.190002
99.809998
99.800003
99.449997
99.449997
99.800003
99.510002
99.690002
99.860001
99.879997
100.230003
100.250000
100.379997
100.459999
100.449997
100.190002
100.760002
100.519997
100.580002
100.809998
101.260002
100.309998
100.699997
100.989998
101.239998
100.959999
101.470001
101.400002
101.900002
101.699997
101.349998
102.019997
100.769997
100.500000
100.000000
99.879997
99.320000
99.000000
99.500000
98.660004
98.550003
98.250000
97.900002
97.449997
98.220001
98.620003
98.410004
96.169998
94.519997
91.300003
90.389999
92.629997
94.419998
95.250000
93.379997
94.889999
96.410004
97.269997
97.970001
96.150002
94.699997
94.699997
95.209999
96.349998
95.540001
95.989998
95.160004
96.830002
97.489998
96.870003
97.290001
95.949997
97.580002
96.680000
97.000000
96.910004
97.070000
97.459999
97.900002
97.400002
97.110001
97.739998
99.199997
98.930000
98.980003
99.010002
99.599998
99.620003
99.510002
99.820000
99.750000
99.650002
100.199997
100.599998
100.430000
101.129997
101.760002
101.910004
101.930000
102.300003
102.290001
103.279999
104.099998
103.029999
103.660004
104.239998
103.750000
103.500000
104.739998
104.209999
103.910004
102.709999
102.500000
103.300003
103.449997
102.849998
102.970001
102.709999
103.230003
102.690002
102.019997
101.730003
101.629997
102.739998
102.269997
101.650002
101.720001
101.760002
101.300003
101.269997
100.919998
101.150002
101.150002
101.480003
101.900002
101.389999
102.150002
101.889999
101.599998
101.680000
101.650002
101.339996
101.250000
100.769997
100.620003
100.699997
100.550003
100.379997
100.290001
100.559998
100.709999
99.900002
100.330002
100.430000
100.400002
100.239998
100.519997
100.199997
101.739998
101.889999
101.440002
100.830002
100.660004
100.379997
100.620003
100.410004
101.000000
101.190002
101.110001
100.900002
100.660004
100.419998
100.430000
100.279999
100.820000
100.699997
101.209999
101.260002
101.050003
101.110001
101.410004
101.019997
101.199997
101.370003
101.580002
101.910004
101.690002
101.330002
101.080002
101.309998
101.320000
101.379997
101.500000
101.080002
101.139999
101.300003
101.949997
102.050003
101.839996
102.190002
101.849998
101.949997
102.300003
101.889999
101.870003
101.449997
100.839996
100.800003
101.230003
101.059998
101.000000
101.290001
100.500000
100.050003
100.139999
100.010002
99.900002
100.330002
101.099998
101.129997
101.500000
101.349998
100.660004
101.559998
101.440002
101.650002
101.580002
102.089996
102.029999
101.980003
101.620003
101.750000
101.889999
101.989998
102.230003
102.459999
102.720001
102.900002
102.599998
102.209999
102.010002
102.010002
102.010002
102.089996
102.889999
102.739998
102.199997
102.000000
102.010002
102.559998
102.279999
102.949997
102.779999
102.790001
102.330002
102.199997
101.709999
102.040001
102.629997
102.779999
102.760002
103.169998
103.330002
103.419998
103.330002
103.519997
103.629997
103.099998
103.220001
103.680000
103.500000
103.489998
103.750000
103.559998
103.660004
103.830002
103.849998
103.550003
103.480003
103.870003
104.309998
104.000000
103.959999
104.110001
104.070000
104.250000
104.199997
104.029999
104.139999
104.389999
104.559998
104.730003
104.669998
104.650002
104.639999
105.010002
104.820000
104.790001
104.860001
105.099998
104.680000
104.430000
104.559998
104.290001
104.230003
104.180000
104.309998
104.559998
104.529999
104.400002
104.330002
104.279999
104.209999
104.480003
104.529999
104.500000
104.550003
104.400002
104.239998
104.000000
104.239998
104.449997
104.599998
104.500000
104.519997
104.769997
104.820000
105.059998
105.190002
105.180000
105.160004
105.050003
105.260002
105.410004
105.309998
105.629997
105.349998
105.190002
104.949997
104.669998
104.860001
105.150002
105.099998
104.870003
104.739998
104.820000
104.449997
104.510002
104.800003
104.820000
104.669998
104.129997
104.080002
103.879997
103.769997
103.110001
103.300003
103.040001
103.269997
103.620003
103.820000
103.660004
103.870003
103.650002
103.870003
104.089996
103.970001
104.300003
104.199997
104.269997
104.370003
104.379997
104.489998
104.650002
104.470001
104.400002
104.339996
104.360001
104.199997
104.139999
104.279999
104.430000
104.510002
104.410004
104.419998
104.040001
104.239998
104.029999
104.239998
103.989998
103.750000
103.879997
103.919998
104.309998
104.459999
104.500000
104.349998
104.290001
104.300003
104.339996
104.500000
104.389999
104.620003
104.379997
104.470001
104.489998
104.620003
104.639999
104.800003
104.910004
104.750000
104.870003
104.790001
104.669998
104.230003
103.970001
104.250000
104.120003
104.169998
103.820000
103.589996
103.279999
103.400002
103.910004
103.709999
103.910004
104.120003
104.150002
104.040001
104.300003
104.410004
104.230003
104.400002
104.550003
104.199997
104.300003
104.370003
104.410004
104.419998
104.489998
104.400002
104.739998
104.889999
104.910004
105.099998
104.419998
104.800003
104.669998
104.879997
105.169998
105.129997
105.279999
105.519997
105.760002
105.760002
105.900002
106.099998
105.910004
105.669998
105.580002
105.330002
105.589996
105.320000
105.669998
105.570000
105.959999
105.800003
105.760002
105.639999
105.639999
105.860001
105.720001
105.949997
106.339996
105.970001
106.279999
106.349998
106.800003
106.470001
106.970001
107.169998
107.320000
107.010002
106.690002
106.849998
107.129997
106.820000
106.669998
106.900002
106.860001
106.739998
107.059998
107.290001
107.379997
107.400002
107.260002
107.629997
107.639999
107.470001
107.389999
107.370003
107.440002
107.940002
107.489998
107.559998
107.480003
107.430000
107.669998
107.660004
107.629997
107.910004
107.930000
107.769997
108.330002
108.239998
108.339996
108.110001
108.410004
108.309998
108.570000
108.959999
108.629997
108.599998
108.480003
108.849998
108.419998
108.250000
107.900002
108.139999
108.199997
108.000000
107.620003
107.519997
107.820000
108.000000
107.790001
107.739998
107.849998
108.010002
108.470001
108.660004
108.360001
108.389999
108.489998
108.720001
108.639999
108.260002
108.290001
108.610001
108.669998
108.690002
108.910004
108.820000
108.820000
108.699997
108.620003
108.209999
108.250000
108.300003
108.489998
108.580002
108.449997
108.800003
108.379997
108.150002
108.150002
108.449997
108.379997
108.470001
108.610001
108.750000
108.620003
108.610001
108.550003
108.029999
107.949997
107.800003
107.300003
107.010002
107.330002
107.080002
107.220001
107.440002
107.839996
107.500000
107.230003
107.589996
107.739998
106.559998
106.320000
106.440002
106.449997
106.260002
105.550003
105.480003
105.489998
105.070000
105.160004
104.860001
104.500000
104.830002
105.410004
105.489998
105.709999
105.410004
105.360001
105.160004
104.709999
105.279999
105.379997
105.400002
105.680000
105.279999
105.309998
105.309998
105.589996
105.809998
105.489998
105.430000
105.989998
105.690002
105.559998
105.510002
105.250000
105.489998
105.570000
105.739998
105.639999
105.599998
105.849998
105.250000
105.150002
104.790001
104.470001
104.169998
104.309998
104.040001
104.110001
104.309998
104.209999
104.349998
104.480003
104.699997
104.570000
104.809998
105.199997
105.239998
105.269997
105.529999
105.099998
105.309998
104.910004
104.889999
104.940002
104.949997
105.050003
105.410004
105.639999
105.820000
106.000000
105.959999
105.870003
105.809998
105.870003
105.559998
105.830002
105.459999
105.529999
105.129997
105.120003
105.169998
105.370003
104.709999
105.029999
105.089996
104.900002
104.690002
104.620003
104.599998
104.830002
104.889999
105.190002
105.309998
105.489998
105.809998
105.750000
105.699997
105.750000
105.910004
106.019997
106.279999
106.239998
106.209999
106.260002
106.220001
106.470001
106.559998
106.690002
106.650002
106.500000
106.720001
106.739998
106.800003
107.110001
107.099998
106.680000
106.940002
107.190002
107.029999
107.099998
107.160004
107.389999
107.320000
107.309998
107.309998
107.529999
107.230003
107.239998
107.540001
107.599998
107.529999
107.360001
107.150002
107.080002
107.400002
107.440002
107.519997
107.250000
107.500000
107.550003
107.629997
107.699997
107.339996
107.029999
106.870003
106.500000
106.570000
106.790001
106.629997
106.980003
107.339996
107.510002
107.430000
107.570000
107.389999
107.570000
107.370003
107.550003
107.360001
107.410004
107.290001
107.349998
107.339996
107.510002
107.800003
107.839996
108.290001
108.690002
108.800003
108.970001
108.680000
108.599998
109.750000
109.940002
109.160004
109.529999
109.290001
109.730003
110.239998
109.980003
109.820000
109.720001
109.500000
109.139999
109.519997
109.160004
109.550003
109.779999
109.470001
109.970001
110.410004
110.059998
110.160004
110.059998
110.190002
110.040001
109.900002
109.839996
109.669998
110.180000
110.250000
110.269997
110.790001
110.930000
110.139999
109.720001
109.790001
109.639999
110.000000
110.110001
110.430000
109.900002
109.620003
109.230003
109.160004
109.080002
108.889999
109.169998
108.779999
109.010002
109.320000
109.269997
109.379997
109.459999
109.459999
109.330002
109.589996
109.389999
109.169998
109.830002
109.900002
109.970001
109.970001
110.029999
109.989998
109.949997
110.169998
109.900002
109.800003
109.959999
109.860001
109.980003
109.660004
109.730003
109.760002
109.559998
109.599998
109.790001
109.370003
109.489998
109.589996
108.800003
108.809998
108.989998
109.110001
109.220001
109.300003
109.430000
109.470001
109.430000
109.790001
109.860001
109.879997
110.050003
110.059998
109.989998
109.900002
109.709999
109.699997
109.989998
110.239998
110.510002
110.199997
110.070000
109.910004
110.029999
110.129997
110.029999
110.129997
110.330002
110.410004
110.680000
110.559998
110.430000
110.320000
109.769997
109.970001
109.980003
110.389999
110.529999
110.750000
110.839996
110.610001
110.550003
110.300003
110.519997
110.459999
110.470001
110.370003
110.349998
110.480003
110.559998
110.650002
110.500000
110.320000
110.269997
110.339996
110.419998
110.639999
110.830002
111.019997
110.940002
110.230003
110.320000
110.480003
110.550003
110.550003
110.449997
110.230003
110.389999
110.220001
109.760002
109.260002
109.150002
109.300003
108.919998
109.230003
109.349998
109.470001
109.650002
109.690002
109.730003
109.949997
110.110001
109.879997
109.709999
109.349998
109.599998
110.180000
110.190002
110.050003
110.099998
110.300003
110.239998
110.300003
110.440002
110.500000
110.480003
110.739998
110.529999
110.410004
110.639999
110.610001
110.730003
110.459999
110.459999
110.430000
110.660004
110.739998
110.839996
110.919998
110.720001
110.919998
111.000000
111.099998
110.870003
110.879997
110.989998
111.019997
110.820000
110.949997
110.879997
110.839996
110.949997
111.199997
111.449997
111.500000
111.320000
111.169998
111.230003
110.820000
111.169998
110.870003
110.980003
110.989998
111.099998
111.349998
111.330002
111.300003
111.070000
111.180000
111.169998
111.250000
111.269997
111.349998
111.529999
111.250000
111.169998
111.209999
111.239998
111.510002
111.669998
111.760002
111.860001
112.000000
112.070000
112.209999
112.209999
112.239998
112.300003
112.389999
112.620003
112.470001
112.629997
112.660004
112.449997
112.309998
112.580002
112.250000
112.330002
112.099998
112.120003
111.839996
111.940002
111.629997
111.980003
111.919998
111.589996
111.449997
111.300003
111.190002
111.150002
111.180000
111.599998
111.839996
111.980003
111.900002
112.040001
112.010002
112.019997
112.099998
112.139999
112.050003
111.889999
112.150002
111.900002
111.769997
111.660004
111.750000
111.610001
111.510002
111.720001
111.870003
111.949997
111.769997
111.940002
112.120003
112.360001
112.300003
112.389999
112.169998
112.160004
112.180000
112.160004
111.940002
111.900002
111.940002
111.900002
111.970001
112.320000
112.300003
112.309998
112.040001
111.930000
111.790001
111.900002
111.870003
111.949997
111.779999
111.889999
112.040001
112.050003
111.830002
112.000000
112.000000
112.160004
111.980003
112.010002
112.129997
112.279999
112.050003
112.190002
112.199997
112.089996
112.190002
111.970001
111.959999
112.019997
112.010002
112.199997
112.139999
112.260002
111.449997
111.599998
111.690002
111.769997
111.610001
111.639999
111.599998
111.589996
111.300003
111.339996
111.349998
111.000000
110.919998
111.099998
111.190002
111.089996
110.959999
111.050003
111.290001
111.250000
110.820000
111.010002
110.589996
110.790001
110.790001
110.849998
110.699997
110.639999
110.940002
111.010002
111.019997
110.779999
110.879997
110.750000
110.959999
110.889999
110.599998
110.279999
110.410004
110.209999
110.300003
110.379997
110.089996
110.040001
110.120003
110.180000
110.169998
110.250000
110.099998
109.940002
110.010002
110.190002
110.260002
110.089996
110.260002
110.309998
110.290001
110.639999
110.830002
110.690002
110.639999
110.650002
110.540001
110.400002
110.260002
109.860001
109.839996
109.940002
109.919998
109.900002
110.070000
110.360001
110.419998
110.389999
110.430000
110.519997
110.400002
110.309998
110.620003
110.680000
110.440002
110.510002
110.540001
110.720001
111.169998
111.150002
111.099998
110.900002
110.839996
111.019997
111.160004
111.220001
111.199997
111.290001
111.250000
111.269997
111.449997
111.279999
111.279999
111.370003
111.489998
111.589996
111.480003
111.370003
111.199997
110.940002
110.790001
110.830002
110.849998
110.690002
110.349998
110.379997
110.269997
110.360001
110.500000
110.320000
110.129997
110.360001
110.029999
109.940002
109.769997
109.260002
109.360001
109.400002
108.790001
108.830002
108.849998
108.660004
108.669998
108.349998
108.190002
108.330002
108.239998
108.820000
108.849998
108.629997
108.820000
107.330002
107.110001
106.010002
106.470001
106.720001
106.980003
106.930000
106.919998
107.239998
107.220001
106.169998
106.110001
106.570000
106.589996
106.769997
107.139999
106.919998
107.139999
107.440002
107.370003
107.389999
107.529999
107.510002
107.239998
107.019997
107.349998
107.260002
107.260002
106.809998
106.839996
106.800003
106.930000
106.849998
106.919998
107.099998
107.059998
107.269997
106.680000
106.550003
106.230003
106.209999
105.790001
105.750000
105.709999
105.519997
105.540001
106.110001
106.309998
106.320000
106.080002
106.400002
105.629997
105.849998
105.339996
105.330002
105.599998
105.339996
105.440002
105.800003
105.639999
106.279999
106.000000
105.930000
106.860001
106.839996
106.800003
106.989998
107.080002
107.199997
107.199997
107.290001
107.080002
107.089996
106.959999
107.059998
107.230003
107.070000
107.099998
106.839996
107.220001
107.099998
107.059998
106.779999
107.500000
107.750000
107.709999
107.980003
108.070000
108.139999
108.010002
108.000000
107.919998
108.110001
108.110001
107.639999
107.550003
107.400002
107.389999
107.500000
106.889999
106.820000
106.709999
106.940002
107.120003
107.370003
107.430000
107.480003
107.339996
106.919998
107.129997
107.250000
107.339996
107.440002
107.300003
107.099998
106.970001
106.610001
106.620003
106.529999
106.699997
107.050003
106.930000
106.720001
106.849998
106.919998
106.769997
106.800003
106.580002
106.860001
106.860001
106.720001
106.349998
106.379997
106.510002
106.480003
106.449997
106.449997
106.529999
106.739998
106.570000
106.559998
106.919998
107.150002
107.180000
106.879997
107.129997
107.180000
107.209999
107.110001
107.269997
107.480003
107.529999
107.459999
107.680000
107.760002
108.000000
107.779999
107.959999
107.879997
107.620003
107.680000
107.860001
107.699997
107.580002
107.750000
107.750000
107.760002
107.970001
107.709999
107.620003
107.800003
107.849998
108.040001
108.250000
108.239998
108.209999
108.250000
107.830002
107.760002
107.459999
107.500000
107.529999
107.669998
107.570000
108.129997
107.910004
107.879997
107.980003
107.449997
107.519997
107.580002
107.690002
107.750000
107.870003
108.099998
107.830002
107.660004
107.349998
107.459999
107.660004
107.940002
107.980003
108.000000
108.169998
108.580002
108.430000
108.440002
108.410004
108.529999
108.269997
108.099998
108.239998
108.220001
108.430000
108.389999
108.260002
108.459999
108.379997
108.449997
108.720001
108.690002
108.699997
108.779999
108.750000
108.639999
108.760002
108.910004
109.300003
109.220001
109.339996
109.160004
109.150002
109.139999
109.180000
109.250000
109.489998
109.739998
109.519997
109.290001
109.019997
108.879997
108.820000
109.099998
108.839996
108.660004
108.730003
108.739998
108.750000
108.870003
108.760002
108.730003
109.000000
108.730003
108.989998
108.959999
109.199997
109.250000
109.449997
109.470001
109.110001
108.940002
108.550003
108.680000
108.839996
108.879997
109.180000
109.160004
109.110001
108.989998
109.010002
109.220001
109.279999
109.349998
109.379997
109.500000
109.320000
109.360001
109.370003
109.449997
109.250000
108.900002
108.889999
109.199997
109.120003
109.269997
109.190002
109.470001
109.400002
109.440002
109.440002
109.650002
109.699997
109.790001
109.760002
109.540001
109.480003
109.529999
109.690002
109.730003
109.730003
109.959999
110.000000
109.550003
109.389999
109.440002
109.440002
109.489998
109.169998
108.980003
109.010002
108.690002
108.730003
108.699997
108.739998
108.500000
108.559998
108.860001
108.910004
109.080002
108.980003
109.059998
109.160004
109.190002
109.199997
109.559998
109.309998
109.400002
109.610001
109.900002
110.070000
109.959999
110.150002
110.500000
111.199997
111.000000
110.510002
110.690002
110.550003
110.500000
110.360001
110.269997
110.279999
110.209999
110.029999
110.050003
109.930000
109.830002
109.699997
109.650002
109.519997
109.610001
109.900002
109.660004
109.739998
109.750000
109.680000
109.959999
109.820000
109.680000
109.870003
109.919998
109.849998
109.959999
110.330002
110.430000
110.599998
109.989998
109.830002
109.849998
109.870003
109.809998
110.139999
110.000000
110.150002
110.500000
110.379997
110.599998
110.500000
110.169998
110.080002
110.349998
110.300003
109.629997
109.720001
109.940002
110.199997
110.139999
110.180000
110.559998
110.959999
111.000000
110.839996
110.889999
111.160004
111.150002
111.639999
111.489998
111.680000
111.750000
111.680000
111.720001
111.650002
111.790001
111.970001
111.699997
111.930000
112.349998
112.059998
112.099998
111.639999
111.790001
111.410004
111.309998
110.959999
110.879997
110.910004
110.949997
110.669998
110.389999
110.620003
110.680000
110.690002
110.739998
111.199997
111.209999
111.139999
110.989998
110.440002
110.440002
110.430000
110.080002
110.169998
110.230003
110.209999
110.690002
110.440002
110.620003
110.639999
110.790001
111.239998
111.230003
111.370003
111.480003
111.750000
111.309998
111.180000
111.339996
111.269997
111.419998
111.570000
111.779999
111.449997
111.559998
111.559998
111.430000
111.250000
111.699997
111.660004
111.699997
111.529999
111.669998
111.570000
111.440002
111.150002
111.480003
111.510002
111.339996
110.889999
110.690002
110.519997
110.419998
110.190002
109.949997
109.849998
110.360001
110.019997
109.500000
109.910004
109.650002
109.959999
109.930000
109.459999
109.580002
109.650002
109.849998
109.800003
110.059998
110.139999
110.180000
109.949997
109.430000
108.980003
108.889999
108.629997
108.760002
108.650002
108.239998
108.330002
108.680000
108.959999
108.830002
108.839996
108.809998
109.099998
108.949997
108.410004
108.550003
108.580002
108.290001
108.599998
108.720001
108.330002
108.480003
108.879997
109.120003
109.160004
109.089996
108.470001
108.239998
108.430000
108.360001
108.540001
108.730003
108.669998
108.540001
108.830002
108.839996
109.230003
109.250000
109.129997
109.089996
109.080002
109.440002
109.290001
109.349998
108.940002
108.930000
109.139999
109.150002
109.419998
109.550003
109.360001
109.120003
109.330002
109.190002
109.040001
109.580002
109.680000
110.000000
109.699997
109.080002
108.949997
109.339996
109.279999
108.889999
108.919998
109.059998
109.190002
108.959999
108.779999
109.000000
109.050003
109.180000
109.000000
108.589996
108.480003
109.260002
109.169998
109.190002
109.290001
109.489998
109.160004
109.190002
109.440002
109.470001
109.480003
109.849998
109.629997
109.470001
109.550003
109.699997
109.320000
109.480003
109.750000
109.830002
109.930000
109.900002
109.779999
109.779999
109.730003
109.900002
109.790001
109.849998
110.029999
109.980003
109.339996
109.190002
109.080002
108.949997
108.910004
108.870003
108.360001
108.059998
108.290001
108.320000
108.349998
108.480003
108.629997
108.489998
108.650002
108.900002
108.769997
108.650002
108.750000
108.769997
108.849998
108.830002
108.540001
108.730003
108.410004
108.050003
108.300003
108.589996
108.339996
108.510002
108.699997
108.529999
108.080002
108.120003
108.239998
108.349998
108.489998
108.269997
108.010002
107.949997
108.029999
107.919998
107.639999
107.870003
108.089996
107.870003
108.339996
108.400002
108.570000
108.389999
108.440002
108.599998
108.790001
109.080002
108.849998
109.099998
109.080002
108.720001
108.949997
108.900002
108.910004
108.989998
109.410004
109.099998
109.230003
109.260002
109.339996
109.239998
109.589996
109.919998
109.820000
110.410004
109.919998
109.540001
109.430000
109.500000
109.800003
109.769997
109.629997
110.120003
110.089996
109.900002
109.940002
109.930000
109.449997
109.470001
109.500000
109.389999
109.730003
109.559998
109.650002
109.650002
109.489998
109.680000
109.389999
109.949997
110.190002
110.059998
110.269997
109.959999
110.290001
110.150002
110.349998
110.489998
110.519997
110.529999
110.599998
110.949997
110.800003
110.980003
111.000000
110.870003
110.849998
110.739998
110.760002
110.800003
110.910004
110.940002
111.019997
110.519997
110.650002
110.519997
110.480003
110.529999
110.680000
110.820000
110.739998
110.889999
110.910004
110.919998
111.120003
111.110001
111.059998
111.059998
110.919998
111.080002
111.190002
111.029999
110.779999
110.470001
110.540001
110.540001
110.559998
110.540001
110.639999
110.680000
110.410004
110.589996
110.559998
111.150002
111.169998
111.239998
111.300003
111.500000
111.540001
111.570000
111.680000
111.669998
111.919998
111.860001
111.570000
111.550003
111.440002
111.330002
112.110001
112.330002
112.540001
112.529999
112.510002
112.720001
113.029999
113.089996
113.000000
113.080002
113.190002
112.809998
112.820000
112.510002
112.580002
112.489998
112.480003
112.419998
112.269997
112.379997
112.580002
112.580002
112.519997
112.639999
112.879997
112.500000
112.360001
112.309998
112.540001
112.540001
112.160004
112.400002
112.610001
112.730003
112.720001
112.570000
112.489998
112.449997
112.639999
112.529999
112.660004
112.779999
112.790001
112.550003
112.690002
112.550003
112.709999
112.639999
112.099998
112.440002
112.360001
112.760002
112.500000
111.959999
111.760002
111.930000
111.470001
111.599998
111.750000
111.730003
111.900002
111.690002
112.099998
112.309998
112.279999
112.570000
112.580002
112.410004
112.570000
112.209999
112.089996
111.690002
111.570000
111.639999
111.580002
111.489998
111.389999
111.599998
111.470001
111.449997
111.540001
111.680000
111.839996
111.800003
111.809998
111.580002
111.570000
111.279999
111.110001
111.300003
110.879997
111.120003
111.029999
111.150002
111.139999
111.129997
110.529999
109.660004
109.459999
108.639999
109.000000
109.010002
109.010002
108.809998
108.559998
108.589996
108.180000
108.300003
108.379997
108.500000
108.230003
107.750000
107.930000
107.940002
108.139999
108.220001
108.180000
108.080002
107.699997
107.870003
108.070000
107.370003
107.160004
107.400002
107.300003
107.500000
107.339996
107.540001
107.190002
107.330002
107.730003
107.879997
107.730003
108.160004
108.370003
108.430000
108.540001
108.449997
108.529999
108.779999
108.500000
108.809998
108.599998
108.059998
107.940002
108.220001
108.330002
107.980003
107.860001
108.029999
108.160004
108.080002
107.769997
108.059998
108.120003
108.220001
108.300003
108.610001
108.610001
108.260002
108.339996
108.300003
107.919998
108.010002
108.370003
108.239998
108.540001
108.559998
108.879997
108.949997
108.800003
108.120003
107.930000
107.919998
107.940002
107.800003
107.389999
107.320000
107.230003
107.209999
107.080002
107.250000
107.680000
107.720001
107.860001
107.930000
108.440002
108.440002
108.349998
108.650002
108.629997
108.480003
108.519997
108.440002
108.309998
108.610001
108.480003
108.639999
108.800003
108.529999
108.760002
108.930000
109.250000
109.300003
109.410004
109.470001
109.309998
109.400002
109.050003
108.989998
108.849998
108.940002
108.980003
108.860001
108.680000
108.970001
108.550003
108.720001
108.629997
108.430000
108.599998
108.349998
108.809998
108.849998
108.879997
109.349998
109.540001
109.510002
109.430000
109.500000
109.250000
109.449997
109.459999
109.580002
109.639999
109.360001
109.739998
109.660004
109.870003
109.809998
109.699997
109.510002
109.510002
109.430000
110.000000
109.900002
109.860001
109.870003
109.849998
109.879997
110.059998
110.010002
110.190002
109.930000
109.849998
109.529999
109.620003
109.300003
109.080002
108.949997
108.889999
108.970001
108.970001
109.379997
109.290001
109.540001
109.400002
109.639999
109.720001
109.849998
109.879997
109.839996
109.599998
109.370003
109.510002
109.540001
109.690002
109.379997
109.709999
109.769997
109.699997
109.690002
109.669998
109.870003
109.699997
109.750000
109.839996
109.559998
109.540001
109.830002
110.050003
110.010002
109.989998
110.080002
110.070000
110.050003
110.169998
110.480003
110.269997
110.309998
110.190002
110.269997
110.419998
110.430000
110.540001
110.269997
110.040001
110.000000
109.809998
110.000000
109.860001
109.910004
109.839996
109.820000
109.860001
109.849998
109.949997
109.669998
109.580002
109.739998
109.430000
109.459999
109.559998
109.540001
109.220001
109.349998
109.470001
109.470001
109.559998
109.820000
109.750000
109.620003
109.510002
109.709999
109.320000
109.400002
109.230003
108.959999
109.199997
109.070000
109.430000
109.519997
109.169998
109.349998
109.480003
109.559998
109.580002
109.540001
109.389999
109.059998
109.110001
109.010002
109.260002
109.220001
109.330002
109.230003
109.389999
109.400002
109.500000
109.529999
109.589996
109.269997
109.250000
109.019997
109.029999
109.260002
109.440002
109.379997
109.209999
109.139999
109.099998
109.230003
109.309998
109.419998
109.470001
109.139999
108.750000
108.760002
108.820000
108.910004
109.019997
109.220001
109.279999
109.260002
109.250000
109.019997
109.150002
109.110001
108.910004
108.480003
108.660004
108.639999
108.870003
108.730003
108.430000
108.400002
108.220001
108.330002
108.250000
108.260002
108.510002
108.139999
108.120003
108.199997
107.750000
107.250000
107.129997
107.459999
107.430000
106.839996
106.720001
106.739998
106.790001
106.570000
106.559998
106.849998
106.690002
106.769997
106.489998
106.610001
106.879997
106.779999
106.589996
106.540001
106.470001
106.599998
106.449997
106.510002
106.419998
106.430000
106.430000
106.589996
106.540001
106.730003
106.620003
106.559998
106.440002
106.320000
106.669998
106.459999
106.639999
106.629997
107.050003
106.949997
106.900002
106.820000
106.900002
106.709999
106.889999
106.830002
106.949997
107.050003
106.910004
106.690002
106.639999
106.809998
106.739998
106.339996
106.150002
105.980003
105.849998
105.720001
105.830002
105.959999
106.010002
105.730003
105.699997
105.820000
105.919998
105.879997
105.660004
105.559998
105.750000
105.900002
105.790001
105.489998
105.360001
105.190002
105.160004
105.279999
105.320000
105.500000
105.820000
106.099998
106.370003
106.540001
106.519997
105.949997
106.000000
105.989998
105.709999
105.639999
105.750000
105.650002
105.559998
105.680000
105.750000
106.010002
105.930000
106.050003
106.059998
105.879997
105.820000
105.949997
105.989998
106.230003
106.279999
106.300003
106.099998
106.029999
106.220001
106.410004
106.290001
106.279999
106.330002
106.260002
106.440002
106.349998
106.400002
106.360001
106.339996
106.379997
106.169998
105.919998
106.120003
106.099998
106.129997
105.940002
106.110001
105.550003
105.760002
105.809998
106.029999
105.970001
105.830002
105.970001
106.110001
106.160004
106.300003
106.290001
106.379997
106.430000
106.589996
106.580002
106.660004
106.669998
106.500000
106.589996
106.449997
106.379997
106.470001
106.580002
106.019997
106.050003
106.089996
105.919998
105.849998
105.779999
105.809998
105.959999
105.720001
105.650002
105.589996
105.419998
105.230003
105.339996
105.330002
105.250000
105.370003
105.500000
105.690002
105.349998
105.320000
105.220001
104.650002
104.459999
104.379997
104.389999
104.339996
104.589996
104.709999
104.730003
104.690002
104.709999
104.389999
104.470001
104.470001
104.669998
104.690002
104.709999
104.879997
104.860001
104.680000
104.500000
104.220001
104.250000
104.139999
104.089996
104.250000
104.190002
104.070000
104.309998
104.300003
104.220001
104.480003
104.550003
104.610001
104.669998
104.599998
104.839996
104.669998
104.580002
104.629997
104.919998
104.930000
104.690002
104.980003
105.290001
105.389999
105.550003
105.629997
105.480003
105.589996
105.680000
105.660004
105.629997
105.879997
106.099998
105.940002
105.949997
105.919998
105.949997
105.970001
106.120003
106.550003
106.570000
106.660004
106.720001
106.400002
106.419998
106.519997
106.580002
106.570000
106.540001
106.330002
106.529999
106.370003
106.440002
106.379997
106.720001
106.639999
106.620003
106.730003
106.790001
107.300003
107.089996
106.830002
106.949997
107.199997
107.150002
107.169998
107.230003
107.220001
107.080002
107.330002
107.250000
107.430000
107.370003
107.160004
107.250000
107.349998
107.529999
107.400002
107.260002
106.769997
106.739998
106.730003
106.879997
107.160004
107.309998
107.440002
107.500000
107.559998
107.570000
107.650002
107.669998
107.580002
107.709999
108.129997
108.459999
108.629997
108.760002
109.000000
109.059998
108.849998
108.620003
108.389999
108.239998
108.250000
108.269997
108.389999
108.470001
108.550003
108.529999
108.260002
108.209999
108.120003
108.089996
108.230003
108.129997
108.180000
108.419998
108.470001
108.739998
108.559998
108.559998
108.470001
108.330002
108.320000
108.559998
108.629997
108.739998
108.779999
108.739998
108.830002
108.900002
109.160004
109.040001
109.120003
108.980003
108.860001
108.949997
109.180000
109.370003
109.570000
109.730003
109.769997
110.010002
110.260002
110.279999
110.360001
110.339996
110.639999
110.360001
110.209999
110.279999
110.430000
110.510002
110.519997
110.940002
110.709999
111.389999
111.220001
111.230003
111.360001
111.290001
111.250000
111.360001
111.250000
111.199997
111.440002
111.209999
111.230003
111.040001
111.139999
111.059998
110.669998
110.870003
110.750000
110.930000
111.099998
111.220001
111.410004
111.269997
111.330002
111.330002
111.320000
111.300003
111.269997
111.300003
111.339996
111.930000
112.279999
112.470001
113.169998
112.510002
112.860001
112.930000
113.150002
113.279999
113.389999
113.570000
113.339996
113.669998
113.510002
113.510002
113.339996
113.839996
113.910004
114.300003
114.080002
113.900002
113.860001
113.820000
113.610001
113.660004
113.389999
113.099998
112.580002
112.910004
112.150002
112.050003
112.110001
112.500000
112.639999
112.639999
113.019997
113.029999
113.209999
113.000000
113.000000
112.930000
112.709999
113.190002
113.339996
113.680000
113.639999
113.820000
113.550003
113.269997
112.839996
112.930000
112.900002
112.680000
112.669998
112.760002
112.620003
112.650002
112.820000
112.839996
112.839996
112.419998
112.480003
112.449997
112.980003
112.980003
112.709999
112.349998
112.400002
112.120003
111.870003
111.959999
111.919998
112.199997
112.500000
112.459999
112.559998
112.629997
112.830002
112.800003
112.889999
112.910004
113.089996
113.029999
113.010002
112.309998
112.800003
112.870003
112.580002
112.470001
112.690002
112.669998
112.669998
112.790001
112.580002
112.680000
112.690002
112.550003
112.190002
112.209999
112.379997
112.169998
112.419998
112.599998
112.419998
112.540001
