201
324.980011
322.529999
321.890015
324.459991
324.380005
327.589996
328.730011
327.869995
328.899994
328.809998
331.170013
333.200012
332.380005
333.750000
332.100006
333.910004
324.450012
326.529999
329.869995
325.820007
328.450012
324.809998
329.559998
333.779999
335.570007
334.329987
332.709991
337.709991
338.390015
337.459991
339.000000
338.049988
339.329987
339.329987
337.000000
324.609985
325.380005
315.529999
306.720001
290.040009
299.339996
310.760010
307.450012
306.320007
294.489990
277.200012
285.709991
281.859985
256.880005
264.739990
242.470001
245.800003
237.220001
239.320007
244.850006
230.229996
236.990005
245.570007
250.330002
254.000000
256.529999
261.399994
248.759995
245.919998
251.490005
258.630005
275.070007
268.750000
278.649994
278.000000
281.869995
278.440002
280.019989
286.290009
283.510010
277.609985
279.190002
281.350006
281.600006
286.029999
291.989990
292.500000
292.660004
286.190002
281.549988
287.529999
289.019989
288.700012
292.059998
291.209991
294.730011
286.959991
279.839996
283.339996
294.089996
295.339996
296.809998
297.790009
295.519989
302.989990
303.160004
305.820007
303.470001
304.640015
307.649994
311.329987
312.179993
318.380005
321.230011
321.470001
322.600006
312.570007
309.290009
297.790009
315.390015
313.940002
309.820007
315.329987
309.170013
314.700012
311.040009
304.660004
307.350006
302.559998
305.179993
310.739990
315.489990
317.670013
316.589996
315.829987
318.209991
315.480011
321.350006
314.519989
323.690002
321.049988
323.149994
322.690002
327.750000
325.910004
327.720001
322.200012
322.890015
323.670013
323.410004
323.190002
327.209991
329.660004
329.190002
332.829987
332.850006
334.600006
336.420013
338.239990
336.850006
338.000000
337.760010
339.320007
339.720001
340.399994
336.730011
339.230011
343.519989
344.959991
346.109985
349.660004
350.890015
351.809998
351.679993
356.179993
357.380005
347.600006
338.049988
338.980011
343.260010
337.119995
338.859985
342.519989
342.950012
334.940002
338.170013
328.420013
331.230011
332.089996
322.320007
323.739990
334.359985
335.209991
334.339996
338.829987
332.820007
337.209991
341.130005
339.279999
344.070007
346.790009
350.779999
353.510010
351.950012
344.920013
350.269989
