4027
111.629997
111.830002
112.269997
112.570000
113.150002
112.900002
112.669998
113.239998
112.849998
113.620003
114.040001
114.610001
114.230003
115.230003
115.000000
114.510002
115.930000
115.050003
113.720001
113.570000
113.739998
113.790001
113.290001
113.250000
113.550003
114.669998
114.430000
114.940002
116.080002
115.949997
115.989998
116.300003
116.480003
115.459999
115.300003
114.389999
114.540001
114.779999
115.220001
115.489998
115.959999
115.419998
115.790001
115.430000
116.309998
115.150002
114.699997
112.300003
111.839996
112.239998
111.860001
112.230003
112.610001
112.889999
110.809998
110.550003
110.099998
110.449997
111.449997
111.809998
112.459999
113.029999
113.220001
114.820000
114.629997
114.750000
115.000000
115.449997
114.690002
115.239998
112.779999
113.300003
113.519997
113.550003
114.059998
112.309998
112.500000
114.449997
114.610001
114.320000
113.750000
112.760002
111.989998
111.459999
112.279999
112.360001
112.129997
111.330002
109.440002
109.459999
109.680000
109.889999
110.199997
108.839996
109.550003
110.599998
109.500000
110.050003
110.599998
109.910004
111.730003
112.639999
112.830002
112.559998
112.970001
112.900002
113.120003
113.489998
114.449997
114.580002
114.129997
113.889999
113.940002
114.120003
113.959999
113.790001
114.220001
113.629997
113.930000
115.029999
114.730003
114.519997
113.589996
114.050003
114.389999
113.220001
112.410004
111.919998
111.879997
111.800003
111.900002
111.839996
111.269997
111.790001
111.620003
110.720001
110.459999
111.900002
109.389999
109.559998
109.290001
109.139999
109.580002
110.480003
110.410004
110.230003
110.889999
109.930000
110.279999
107.669998
107.080002
107.320000
107.669998
107.550003
107.169998
107.230003
108.669998
108.500000
109.839996
109.699997
110.620003
110.739998
110.290001
110.980003
110.010002
111.150002
110.750000
111.040001
111.419998
112.459999
112.730003
112.650002
112.620003
112.489998
113.339996
113.500000
113.279999
113.050003
113.470001
113.099998
113.150002
112.959999
112.190002
111.699997
111.089996
110.980003
111.180000
111.580002
112.349998
114.129997
113.860001
113.779999
114.400002
113.250000
112.779999
112.330002
113.070000
111.769997
111.050003
111.019997
112.000000
110.400002
110.739998
111.239998
109.830002
110.169998
111.419998
112.790001
113.180000
113.580002
113.739998
115.160004
114.889999
117.010002
117.099998
117.190002
117.139999
117.279999
118.080002
118.889999
118.760002
118.870003
118.959999
119.099998
117.690002
118.360001
118.660004
118.919998
119.190002
118.489998
118.550003
119.550003
119.779999
119.660004
119.809998
118.720001
118.680000
119.389999
120.230003
120.620003
121.139999
121.260002
120.419998
120.949997
120.730003
121.410004
121.879997
121.430000
120.779999
121.250000
121.489998
121.510002
121.699997
120.669998
119.000000
118.570000
119.080002
118.650002
118.690002
118.540001
118.769997
118.129997
118.230003
119.559998
118.050003
117.900002
117.190002
117.070000
117.470001
117.269997
117.629997
118.089996
118.449997
119.120003
119.209999
119.139999
120.389999
120.320000
120.580002
119.830002
119.889999
120.849998
121.010002
121.089996
121.349998
120.360001
120.019997
119.080002
119.430000
120.410004
121.239998
121.029999
120.949997
121.779999
122.139999
122.790001
122.809998
122.199997
121.449997
121.430000
120.800003
121.550003
119.970001
119.489998
119.730003
119.309998
118.930000
117.620003
118.029999
117.230003
116.959999
116.639999
117.940002
118.599998
117.300003
117.599998
118.320000
118.349998
119.070000
118.239998
117.760002
118.389999
117.250000
115.650002
114.139999
114.959999
115.330002
114.809998
115.650002
115.849998
115.870003
114.830002
115.300003
114.919998
115.959999
115.989998
116.449997
117.529999
117.769997
117.120003
117.260002
116.900002
117.230003
116.160004
115.580002
116.320000
117.959999
118.849998
119.239998
119.120003
119.309998
119.250000
119.580002
119.910004
119.980003
119.419998
120.199997
120.400002
119.870003
120.209999
120.300003
119.580002
120.400002
119.839996
120.400002
121.050003
120.949997
121.959999
121.559998
121.389999
121.629997
121.309998
119.800003
118.849998
119.480003
120.339996
120.120003
119.500000
119.279999
120.430000
118.320000
119.790001
121.339996
121.919998
122.279999
122.959999
122.839996
122.559998
122.709999
122.629997
123.589996
122.809998
123.540001
123.309998
123.500000
124.019997
124.400002
123.849998
123.849998
124.250000
124.250000
123.480003
123.190002
123.050003
123.889999
123.309998
123.580002
123.120003
123.400002
122.239998
121.980003
122.610001
122.550003
122.500000
121.849998
121.360001
121.459999
120.440002
121.250000
121.089996
122.480003
122.690002
122.690002
123.680000
123.680000
123.870003
124.489998
124.250000
123.790001
123.559998
123.769997
123.959999
123.699997
122.379997
121.370003
121.760002
122.139999
121.599998
121.949997
121.599998
122.599998
122.959999
122.860001
121.300003
119.790001
119.599998
119.669998
118.949997
118.370003
117.489998
118.099998
118.800003
118.900002
117.589996
119.510002
118.360001
118.629997
119.750000
119.480003
119.250000
118.639999
120.300003
120.599998
120.220001
122.209999
122.370003
122.419998
121.980003
122.059998
122.379997
123.410004
123.699997
123.650002
123.519997
123.739998
125.029999
125.209999
125.570000
126.330002
127.199997
127.300003
126.669998
126.190002
126.070000
126.790001
126.720001
127.129997
126.849998
126.269997
126.150002
126.809998
126.459999
127.230003
127.760002
127.910004
127.459999
126.570000
126.910004
127.050003
127.029999
127.180000
125.919998
125.940002
124.980003
125.410004
127.010002
127.430000
128.240005
128.619995
128.589996
129.210007
129.320007
128.759995
128.419998
127.739998
128.270004
128.529999
126.440002
126.849998
127.199997
127.519997
127.849998
128.750000
128.500000
127.949997
128.330002
126.870003
126.669998
126.570000
126.019997
127.059998
126.620003
126.720001
126.629997
127.699997
128.479996
129.309998
129.350006
128.990005
129.410004
129.309998
129.610001
129.339996
128.800003
129.039993
128.949997
129.350006
128.050003
127.860001
128.570007
127.919998
129.050003
128.899994
130.320007
131.210007
131.460007
131.449997
131.080002
130.240005
131.070007
130.720001
130.220001
130.199997
129.619995
130.320007
130.289993
130.250000
129.889999
130.809998
131.059998
131.300003
129.880005
130.039993
128.940002
128.830002
128.960007
129.089996
130.940002
131.169998
131.929993
131.100006
131.190002
130.690002
130.080002
131.050003
131.750000
131.240005
131.440002
131.289993
132.240005
132.720001
132.679993
132.660004
132.779999
130.690002
128.940002
129.929993
128.880005
127.589996
127.029999
126.480003
127.330002
125.919998
127.059998
128.229996
128.199997
126.800003
127.519997
129.449997
129.100006
127.430000
127.129997
125.720001
126.489998
126.000000
123.889999
122.949997
124.099998
126.000000
126.150002
124.790001
124.800003
125.610001
124.550003
124.699997
125.269997
124.379997
125.500000
127.750000
127.620003
127.480003
127.449997
127.440002
127.050003
126.839996
127.489998
125.550003
124.320000
123.620003
124.019997
124.410004
126.410004
125.430000
124.940002
126.199997
126.849998
127.650002
127.250000
127.849998
127.650002
127.699997
127.559998
129.350006
128.050003
128.350006
128.500000
126.750000
127.400002
127.959999
128.429993
129.550003
129.850006
130.350006
130.350006
130.220001
130.389999
130.320007
129.979996
129.899994
130.729996
131.130005
131.039993
131.429993
131.800003
131.300003
130.300003
130.300003
130.149994
130.820007
131.899994
132.139999
133.110001
132.669998
132.940002
133.130005
133.410004
132.470001
132.580002
133.360001
133.710007
134.000000
134.100006
133.779999
133.050003
133.490005
135.199997
135.279999
135.100006
135.389999
135.119995
135.750000
136.449997
136.800003
136.750000
137.350006
136.699997
136.919998
136.850006
137.600006
137.960007
138.949997
138.759995
137.850006
138.259995
138.440002
136.740005
137.410004
137.250000
138.399994
138.240005
139.279999
138.380005
138.389999
139.160004
139.759995
140.639999
140.179993
140.550003
140.729996
140.960007
140.520004
140.399994
138.399994
139.589996
140.669998
140.710007
140.500000
141.789993
142.110001
142.300003
141.320007
141.649994
141.949997
142.550003
142.190002
143.750000
143.550003
142.509995
143.309998
142.589996
141.929993
141.119995
142.160004
142.779999
142.429993
142.529999
141.679993
141.600006
141.070007
141.660004
140.809998
141.880005
142.479996
143.449997
143.149994
143.350006
142.850006
143.449997
142.619995
143.220001
144.139999
142.899994
142.520004
142.699997
142.929993
144.500000
144.949997
145.050003
145.300003
145.449997
145.080002
145.399994
144.279999
144.050003
145.130005
145.000000
145.740005
145.869995
145.940002
146.339996
146.080002
146.229996
144.199997
140.860001
139.500000
140.350006
138.190002
139.059998
139.880005
140.949997
141.639999
140.720001
140.479996
138.779999
139.339996
140.000000
140.110001
140.940002
141.940002
144.360001
144.149994
143.759995
143.399994
142.449997
142.789993
142.399994
142.449997
143.220001
143.899994
143.899994
144.839996
144.529999
145.050003
144.100006
145.149994
146.100006
147.000000
146.919998
146.740005
148.449997
148.600006
148.449997
149.000000
149.809998
149.250000
149.789993
148.750000
149.100006
150.220001
150.960007
151.039993
150.699997
150.789993
150.889999
149.990005
151.119995
150.899994
150.970001
151.699997
152.000000
152.789993
152.929993
153.160004
152.779999
151.750000
152.199997
151.690002
153.949997
154.279999
153.770004
154.050003
153.149994
151.860001
149.649994
151.250000
150.899994
150.630005
152.300003
154.130005
154.179993
153.600006
154.570007
151.899994
152.320007
151.160004
151.050003
149.089996
151.259995
151.139999
151.210007
152.399994
152.639999
152.619995
153.410004
152.520004
151.020004
152.580002
154.800003
155.240005
155.199997
154.399994
155.550003
155.100006
154.559998
153.300003
152.250000
150.460007
148.440002
146.270004
148.660004
145.440002
147.009995
147.479996
144.550003
145.929993
148.589996
147.539993
144.470001
146.789993
145.779999
142.889999
139.960007
145.699997
145.369995
144.820007
146.410004
147.539993
146.820007
148.050003
146.350006
144.630005
145.660004
147.899994
147.690002
148.419998
148.190002
146.759995
146.660004
146.460007
147.449997
148.779999
148.130005
148.410004
149.199997
153.669998
153.529999
153.570007
153.350006
151.750000
152.470001
153.130005
153.160004
152.880005
154.759995
154.089996
154.380005
155.399994
155.669998
155.860001
156.279999
157.259995
155.809998
156.520004
154.750000
155.259995
153.729996
153.399994
148.970001
151.600006
151.509995
151.940002
153.380005
154.160004
153.740005
154.190002
153.589996
151.699997
149.960007
151.139999
150.630005
148.259995
145.919998
145.399994
145.470001
149.410004
147.009995
146.580002
145.500000
143.940002
143.309998
143.250000
144.660004
142.009995
144.380005
146.929993
149.360001
148.389999
146.919998
148.190002
148.929993
151.729996
151.559998
152.419998
151.850006
148.580002
148.389999
146.899994
146.410004
146.250000
147.089996
148.479996
149.800003
149.869995
149.229996
148.720001
147.380005
146.830002
145.220001
143.630005
142.059998
142.300003
139.270004
139.940002
140.990005
141.300003
139.960007
137.610001
137.880005
134.410004
126.730003
127.480003
134.529999
136.759995
133.520004
136.360001
135.839996
133.669998
138.190002
139.449997
136.139999
134.779999
132.380005
133.500000
133.389999
135.169998
136.339996
137.240005
134.750000
137.589996
134.289993
136.899994
135.199997
135.839996
137.000000
137.850006
137.559998
135.860001
133.399994
132.440002
133.679993
133.270004
130.009995
130.080002
130.960007
133.020004
129.839996
133.050003
126.550003
130.869995
134.369995
130.869995
134.270004
135.110001
134.729996
134.509995
133.190002
131.479996
133.910004
137.320007
136.139999
137.279999
138.139999
136.429993
136.809998
135.630005
134.669998
133.380005
133.759995
134.770004
136.220001
139.169998
138.449997
138.369995
138.300003
138.289993
139.669998
140.130005
139.639999
139.559998
138.600006
142.610001
141.330002
140.210007
142.130005
140.009995
138.789993
139.460007
141.070007
141.289993
141.270004
143.070007
143.039993
142.509995
142.020004
139.660004
139.309998
138.050003
139.389999
139.320007
140.690002
140.020004
139.539993
137.949997
138.800003
139.839996
137.130005
135.850006
136.190002
134.789993
135.429993
135.720001
137.309998
134.970001
134.350006
133.750000
132.960007
131.300003
131.899994
130.789993
128.550003
128.110001
126.769997
129.070007
127.330002
126.989998
125.199997
127.750000
124.690002
124.180000
125.580002
122.000000
121.930000
125.389999
126.410004
126.760002
125.360001
128.149994
128.539993
126.099998
125.650002
124.199997
127.269997
127.620003
127.379997
126.220001
126.279999
128.289993
128.199997
126.760002
129.729996
130.500000
128.979996
128.089996
130.119995
130.729996
127.620003
127.620003
126.980003
128.940002
128.970001
127.320000
127.800003
129.449997
129.889999
130.309998
128.100006
127.150002
123.470001
128.300003
127.290001
124.089996
122.360001
124.529999
121.970001
117.400002
119.800003
118.139999
125.959999
125.370003
121.750000
120.029999
119.800003
119.139999
119.330002
113.739998
115.370003
115.180000
113.089996
107.330002
106.989998
97.739998
99.849998
86.989998
94.169998
105.010002
97.889999
91.430000
92.190002
95.650002
97.260002
93.400002
90.470001
84.720001
86.139999
87.589996
93.860001
95.879997
95.320000
97.000000
99.220001
99.410004
94.739998
91.879997
95.309998
90.889999
88.400002
86.279999
89.570000
86.459999
85.330002
86.070000
80.309998
77.610001
82.120003
87.489998
84.459999
88.750000
87.660004
83.660004
83.559998
86.220001
83.779999
90.580002
90.550003
90.570000
89.720001
85.750000
89.139999
88.580002
91.029999
91.580002
89.970001
89.570000
88.500000
86.720001
87.500000
87.470001
87.779999
89.349998
90.750000
92.830002
93.919998
92.110001
90.339996
91.389999
89.029999
86.930000
85.839996
84.300003
86.050003
84.430000
82.199997
82.620003
81.099998
83.809998
84.309998
86.610001
86.349998
85.209999
81.720001
83.269997
84.449997
82.870003
85.080002
87.160004
86.470001
83.730003
82.349998
83.779999
80.330002
79.949997
80.029999
76.900002
78.400002
75.440002
77.349998
77.930000
74.239998
72.629997
71.760002
71.400002
70.250000
69.559998
68.160004
69.660004
73.120003
72.739998
76.180000
77.180000
76.190002
78.000000
81.139999
79.519997
79.589996
81.989998
81.440002
82.470001
82.209999
79.970001
79.779999
78.739998
83.279999
83.699997
83.570000
82.410004
82.279999
84.900002
85.150002
85.260002
84.029999
86.150002
87.040001
85.800003
83.029999
84.519997
84.930000
86.279999
85.910004
85.190002
86.769997
88.779999
87.699997
88.820000
90.830002
91.919998
93.320000
92.339996
91.959999
91.849998
89.949997
89.019997
89.639999
89.769997
91.449997
92.209999
89.680000
89.699997
88.580002
91.699997
90.720001
91.669998
93.900002
94.720001
94.330002
94.260002
95.809998
94.099998
94.940002
95.739998
94.930000
94.639999
94.209999
93.449997
91.910004
91.959999
93.349998
91.900002
89.779999
90.449997
89.970001
92.059998
92.379997
93.019997
92.610001
91.440002
89.230003
89.949997
88.800003
88.820000
87.980003
88.550003
90.620003
92.120003
93.300003
94.320000
94.980003
96.160004
95.330002
95.930000
97.430000
98.239998
97.980003
97.739998
99.160004
99.010002
100.150002
100.300003
101.110001
101.180000
101.279999
101.059998
100.879997
99.849998
101.580002
101.889999
99.150002
98.879997
98.660004
100.379997
102.169998
103.720001
103.730003
103.160004
103.370003
104.570000
102.669998
102.290001
100.080002
100.699997
101.199997
103.330002
103.440002
104.099998
105.349998
104.209999
105.790001
106.459999
107.529999
108.019997
106.800003
107.980003
107.699997
106.720001
105.110001
105.230003
106.849998
106.699997
105.669998
102.379997
103.209999
105.120003
105.629997
106.900002
106.940002
108.129997
107.760002
109.089996
109.169998
109.080002
109.459999
110.300003
109.400002
108.559998
110.059998
108.570000
107.400002
106.480003
105.529999
106.680000
104.400002
104.059998
105.839996
106.000000
106.589996
108.349998
109.660004
110.680000
110.349998
109.669998
110.750000
111.290001
111.639999
110.879997
109.610001
111.089996
111.389999
111.519997
108.720001
109.849998
111.260002
111.660004
111.900002
112.230003
111.290001
110.440002
109.930000
111.059998
111.470001
112.250000
111.849998
112.180000
111.080002
111.139999
111.699997
112.519997
113.029999
112.599998
113.279999
113.430000
112.610001
113.099998
112.769997
113.620003
113.889999
113.870003
114.230003
115.400002
114.320000
114.330002
114.919998
114.989998
114.000000
114.629997
114.290001
111.580002
110.570000
109.690002
109.519997
110.550003
109.379997
108.550003
109.620003
110.239998
109.320000
106.910004
107.070000
107.489998
107.370003
107.230003
107.300003
109.250000
110.610001
110.430000
110.959999
111.889999
111.209999
110.510002
109.570000
111.110001
111.599998
112.750000
112.879997
112.800003
113.790001
114.660004
114.300003
114.889999
115.110001
116.320000
115.650002
116.180000
117.129997
117.480003
116.820000
116.190002
117.650002
117.860001
118.059998
117.269997
117.559998
117.860001
117.309998
118.190002
118.629997
118.839996
119.190002
118.349998
119.410004
120.099998
119.989998
120.669998
121.360001
121.269997
119.389999
120.959999
121.339996
120.239998
121.349998
122.260002
121.040001
119.430000
120.510002
121.260002
119.750000
119.419998
116.919998
116.639999
113.010002
116.190002
115.459999
116.650002
117.570000
115.510002
114.550003
115.230003
112.150002
109.769997
106.220001
108.839996
105.440002
108.860001
109.570000
111.019997
108.709999
108.430000
111.029999
108.949997
107.550003
105.900002
107.580002
108.209999
108.519997
110.889999
110.620003
111.779999
112.669998
112.760002
114.029999
112.309998
110.059998
109.059998
108.110001
108.389999
106.410004
104.300003
103.540001
103.480003
104.000000
103.480003
107.360001
107.529999
107.980003
109.529999
109.680000
109.989998
109.489998
107.440002
106.250000
109.410004
108.720001
109.650002
111.010002
112.610001
111.699997
111.919998
109.580002
112.370003
112.870003
112.930000
112.669998
112.120003
113.330002
112.430000
111.059998
108.040001
108.660004
107.959999
109.540001
109.910004
109.580002
107.930000
108.400002
106.269997
105.339996
106.790001
106.260002
106.959999
105.269997
107.120003
109.089996
110.930000
110.769997
110.239998
112.059998
111.529999
112.989998
112.940002
112.730003
113.120003
114.029999
113.879997
115.349998
114.839996
113.480003
114.150002
115.290001
114.830002
114.820000
115.449997
115.360001
114.779999
115.199997
116.389999
116.879997
116.440002
117.120003
116.709999
118.059998
118.199997
118.699997
118.139999
117.570000
117.320000
118.800003
118.709999
119.559998
118.489998
118.269997
119.440002
118.680000
119.430000
119.839996
120.080002
121.669998
122.750000
122.760002
123.239998
121.989998
121.470001
121.230003
121.000000
119.699997
118.620003
119.769997
120.260002
120.099998
119.209999
119.589996
119.580002
118.900002
118.410004
120.629997
121.599998
122.580002
123.040001
124.379997
123.370003
124.400002
124.550003
125.489998
125.220001
124.879997
124.620003
125.139999
125.709999
126.070000
126.589996
126.129997
125.610001
126.379997
126.470001
126.260002
126.000000
127.190002
127.809998
127.059998
128.169998
128.050003
127.070000
127.940002
128.699997
129.070007
128.649994
129.639999
129.889999
128.449997
129.360001
128.759995
129.250000
129.949997
130.220001
130.649994
128.559998
129.940002
130.899994
130.740005
131.330002
131.949997
132.570007
132.639999
132.089996
132.320007
133.550003
133.520004
133.979996
133.960007
134.869995
133.610001
132.250000
131.350006
131.990005
133.330002
134.149994
131.250000
132.899994
133.910004
133.369995
132.139999
132.800003
131.500000
129.990005
130.460007
127.040001
128.639999
128.500000
129.860001
130.389999
130.750000
129.949997
131.460007
131.660004
132.070007
131.339996
133.009995
133.080002
133.910004
133.899994
133.429993
134.330002
133.860001
134.350006
133.449997
132.160004
132.520004
131.160004
132.250000
130.979996
131.190002
133.350006
134.229996
134.139999
134.529999
135.509995
135.910004
136.610001
137.619995
136.399994
136.110001
134.509995
135.429993
134.669998
135.619995
136.130005
134.570007
135.600006
133.970001
133.119995
133.660004
135.259995
134.800003
132.449997
132.860001
131.850006
132.500000
133.830002
135.240005
135.000000
132.440002
130.559998
130.580002
130.100006
129.190002
129.179993
129.240005
128.259995
129.259995
128.669998
127.500000
128.949997
127.629997
129.389999
130.119995
127.589996
128.729996
127.339996
128.889999
130.610001
131.580002
132.440002
134.240005
133.940002
135.639999
134.320007
133.210007
132.139999
132.589996
132.619995
132.110001
131.509995
131.759995
133.529999
133.860001
134.979996
133.779999
134.220001
133.050003
131.050003
129.380005
131.309998
128.300003
126.099998
124.860001
122.199997
117.300003
114.500000
115.650002
113.629997
118.820000
119.610001
119.940002
120.650002
116.940002
113.339996
115.610001
113.550003
116.580002
119.150002
116.089996
119.940002
121.279999
122.889999
122.699997
118.860001
114.779999
119.180000
119.989998
118.099998
114.830002
117.430000
118.750000
121.040001
122.330002
120.550003
121.879997
121.279999
114.239998
113.150002
115.000000
118.910004
118.180000
117.459999
114.849998
112.870003
108.699997
112.959999
114.720001
117.540001
118.050003
119.250000
120.980003
120.470001
122.290001
122.389999
120.519997
122.809998
121.849998
123.519997
124.550003
125.309998
124.790001
128.070007
128.419998
127.589996
122.419998
124.250000
125.730003
125.699997
125.830002
127.339996
125.339996
125.199997
126.260002
126.639999
125.629997
125.260002
124.269997
122.879997
120.570000
119.809998
118.459999
116.739998
119.879997
120.430000
123.889999
125.279999
126.550003
127.290001
126.629997
126.269997
126.290001
124.930000
125.370003
125.320000
123.019997
123.480003
123.430000
123.230003
123.339996
125.050003
125.010002
126.139999
126.620003
126.930000
125.690002
126.449997
128.229996
127.660004
127.470001
128.619995
128.470001
129.820007
129.210007
130.020004
129.050003
130.529999
129.789993
131.639999
131.679993
131.979996
131.279999
131.710007
133.630005
131.720001
130.970001
132.500000
132.770004
133.169998
134.470001
134.449997
134.660004
135.350006
135.899994
134.649994
135.779999
135.389999
136.110001
135.050003
137.000000
137.229996
136.720001
136.429993
137.389999
136.509995
137.699997
138.250000
137.770004
138.169998
137.529999
135.830002
135.550003
137.009995
137.809998
138.039993
138.830002
140.630005
140.610001
141.470001
141.360001
141.169998
141.619995
140.300003
140.470001
141.119995
142.229996
141.610001
140.110001
141.429993
141.119995
142.130005
140.679993
139.910004
138.539993
138.429993
137.800003
137.630005
138.949997
138.339996
138.320007
138.979996
139.110001
138.820007
137.039993
137.429993
139.160004
139.399994
141.110001
140.619995
140.259995
140.380005
140.850006
139.029999
136.990005
136.750000
135.580002
137.149994
135.649994
134.789993
134.479996
134.389999
133.309998
131.830002
130.580002
132.750000
131.710007
133.110001
132.940002
133.649994
133.020004
132.149994
129.880005
128.830002
128.279999
130.410004
133.929993
132.160004
134.679993
132.229996
132.970001
132.820007
134.550003
134.759995
135.619995
136.289993
136.190002
133.679993
132.580002
132.199997
132.940002
132.750000
135.779999
137.009995
137.050003
137.479996
136.009995
135.949997
136.559998
134.750000
133.880005
134.380005
135.929993
136.539993
136.600006
138.190002
137.500000
135.000000
135.720001
134.750000
136.429993
137.419998
139.070007
139.039993
139.270004
137.149994
139.149994
140.279999
140.770004
140.389999
140.839996
140.639999
141.199997
141.869995
141.220001
141.740005
142.809998
142.589996
143.119995
141.979996
142.039993
140.869995
142.490005
141.770004
142.130005
141.479996
141.860001
141.630005
141.669998
142.360001
144.610001
144.770004
144.210007
145.000000
144.979996
147.479996
147.570007
147.119995
147.419998
146.630005
148.070007
146.580002
146.580002
144.669998
144.490005
144.690002
145.139999
145.500000
145.509995
146.229996
147.500000
146.179993
146.119995
144.779999
144.880005
144.039993
143.820007
145.360001
146.259995
146.449997
146.160004
143.759995
142.479996
142.490005
142.619995
141.929993
142.449997
142.229996
144.279999
141.929993
142.869995
142.259995
140.279999
138.190002
139.149994
138.080002
138.800003
136.520004
136.399994
138.470001
139.490005
139.860001
140.729996
141.240005
141.509995
140.330002
142.600006
142.750000
143.410004
142.039993
141.979996
141.990005
143.169998
142.839996
143.690002
144.630005
144.050003
142.940002
143.100006
144.619995
145.250000
144.059998
142.869995
143.229996
143.350006
142.520004
141.369995
140.399994
145.850006
146.699997
146.690002
146.589996
146.440002
146.580002
147.500000
147.789993
147.630005
147.000000
147.490005
148.419998
148.720001
149.100006
149.899994
149.910004
150.669998
151.089996
150.500000
151.389999
150.679993
151.360001
151.110001
151.119995
151.279999
151.970001
152.020004
152.539993
152.550003
153.110001
152.419998
153.220001
153.130005
153.940002
151.690002
151.940002
153.419998
150.470001
150.669998
152.699997
151.839996
152.539993
154.429993
155.660004
155.500000
156.279999
156.130005
156.750000
156.580002
157.110001
157.369995
155.820007
156.850006
157.009995
156.259995
156.350006
156.809998
156.429993
156.009995
156.860001
157.380005
157.399994
157.690002
156.190002
154.699997
156.009995
157.250000
157.940002
159.500000
159.460007
158.789993
157.080002
157.070007
156.119995
155.229996
156.550003
157.729996
158.619995
159.089996
159.100006
159.440002
160.080002
160.130005
159.470001
161.940002
162.309998
162.949997
163.250000
164.089996
163.830002
164.020004
164.500000
165.809998
166.619995
166.800003
167.649994
167.940002
168.199997
165.000000
165.309998
167.940002
166.270004
166.220001
166.190002
164.660004
165.289993
163.899994
162.029999
164.690002
166.139999
164.100006
165.070007
162.449997
164.850006
165.139999
165.360001
166.429993
162.690002
161.259995
159.020004
160.139999
160.710007
161.960007
161.479996
162.119995
161.929993
161.300003
163.320007
164.729996
165.830002
165.839996
167.979996
168.300003
168.850006
169.160004
169.070007
169.190002
169.429993
170.350006
170.750000
170.710007
169.130005
169.119995
169.600006
170.020004
169.860001
170.880005
171.190002
171.490005
171.300003
170.110001
170.910004
170.479996
169.350006
170.279999
170.399994
168.259995
166.929993
166.529999
165.899994
165.979996
165.750000
167.410004
167.690002
165.229996
164.119995
164.369995
165.380005
166.080002
165.289993
166.729996
167.389999
167.350006
169.520004
169.539993
170.250000
170.050003
172.089996
171.389999
171.940002
174.479996
174.100006
172.270004
170.820007
170.570007
170.250000
169.750000
168.369995
169.050003
169.250000
169.699997
168.630005
168.339996
168.330002
166.710007
168.199997
169.850006
170.190002
171.429993
171.649994
172.300003
174.830002
175.410004
175.880005
175.789993
175.830002
176.470001
176.860001
177.580002
178.389999
177.160004
177.020004
177.690002
177.119995
178.039993
178.500000
175.889999
178.130005
177.960007
177.070007
179.539993
180.570007
181.369995
180.330002
180.389999
180.020004
180.990005
182.139999
181.750000
181.899994
182.320007
182.110001
180.979996
180.089996
180.399994
181.690002
182.500000
182.020004
181.820007
179.630005
179.500000
179.970001
180.360001
179.940002
182.210007
182.669998
183.550003
183.639999
184.440002
185.250000
184.949997
185.210007
185.039993
184.300003
184.539993
184.190002
184.529999
185.199997
185.050003
184.759995
183.339996
185.160004
185.389999
185.199997
185.779999
185.600006
184.470001
182.649994
180.130005
179.199997
178.639999
179.880005
178.059998
178.970001
175.960007
175.789993
176.610001
179.369995
180.750000
181.250000
183.309998
181.910004
183.929993
185.270004
184.860001
184.360001
185.589996
185.399994
186.139999
186.240005
185.690002
186.929993
185.759995
187.889999
188.880005
189.360001
190.029999
189.070007
189.589996
187.449997
188.979996
185.889999
186.679993
187.839996
188.809998
187.369995
189.679993
188.779999
187.479996
188.160004
185.860001
186.259995
187.750000
188.740005
189.649994
190.399994
190.779999
187.050003
185.360001
186.710007
188.229996
183.250000
184.029999
184.399994
186.580002
187.029999
187.580002
188.369995
188.960007
189.539993
188.360001
188.199997
188.589996
188.580002
189.380005
189.440002
188.279999
189.160004
188.570007
188.820007
188.839996
189.919998
191.190002
190.979996
189.850006
188.639999
188.830002
189.789993
189.250000
190.320007
190.929993
192.259995
192.720001
193.020004
193.389999
194.160004
193.630005
193.660004
194.610001
196.100006
196.589996
196.570007
196.100006
195.889999
195.130005
195.119995
195.220001
196.059998
197.690002
198.210007
198.160004
196.820007
195.529999
196.869995
196.210007
197.009995
197.479996
198.289993
199.070007
199.119995
198.399994
198.009995
196.509995
197.509995
198.910004
199.009995
199.369995
198.660004
197.600006
198.380005
199.320007
199.759995
200.139999
199.399994
199.039993
199.460007
198.919998
196.860001
193.820007
194.119995
194.339996
192.350006
194.160004
192.679993
195.229996
194.830002
195.500000
196.399994
197.750000
198.100006
199.089996
199.389999
200.369995
200.669998
201.399994
201.639999
201.720001
200.889999
201.800003
202.320007
202.690002
202.179993
201.440002
202.229996
201.740005
200.710007
200.580002
201.440002
200.470001
199.919998
202.130005
202.699997
203.779999
202.570007
200.669998
199.320007
200.330002
197.970001
197.500000
199.029999
198.039993
195.490005
196.970001
198.660004
196.550003
194.630005
197.669998
193.970001
191.690002
189.610001
186.389999
184.250000
189.630005
189.380005
192.960007
195.729996
195.869995
196.539993
197.009995
198.149994
199.869995
198.850006
203.119995
203.220001
202.580002
203.910004
203.720001
204.500000
204.720001
205.410004
204.729996
205.550003
205.490005
205.160004
205.789993
206.660004
205.600006
209.050003
208.610001
208.970001
208.669998
208.880005
207.809998
207.179993
208.669998
208.940002
209.279999
208.949997
205.759995
207.289993
205.270004
204.029999
203.360001
199.899994
199.779999
206.139999
208.960007
209.289993
210.759995
209.509995
209.750000
209.639999
209.690002
209.460007
207.839996
205.619995
203.509995
202.839996
205.449997
207.839996
205.850006
205.559998
201.050003
203.029999
200.179993
203.789993
202.919998
205.440002
207.199997
206.179993
204.440002
205.630005
201.729996
201.990005
201.479996
204.419998
205.389999
206.320007
208.020004
206.210007
207.330002
208.070007
209.380005
210.509995
210.889999
211.130005
210.919998
210.940002
212.440002
212.619995
213.160004
213.059998
212.770004
212.270004
212.970001
211.910004
212.110001
210.899994
209.179993
208.169998
206.740005
206.699997
208.199997
208.169998
209.210007
208.869995
211.449997
212.119995
212.860001
212.220001
210.470001
206.350006
206.529999
208.350006
208.639999
207.770004
207.000000
206.759995
209.229996
208.970001
209.199997
210.589996
211.309998
210.270004
211.479996
211.460007
210.369995
210.479996
212.100006
211.440002
211.580002
213.070007
213.770004
212.160004
211.750000
211.300003
210.809998
212.649994
212.429993
210.940002
209.309998
212.279999
213.000000
211.000000
211.919998
212.699997
213.889999
213.699997
214.699997
214.589996
214.169998
214.470001
213.839996
212.699997
213.770004
213.800003
213.350006
212.449997
213.389999
212.490005
211.300003
211.050003
209.910004
210.940002
212.929993
212.080002
209.970001
210.320007
212.009995
212.710007
213.970001
214.399994
214.630005
212.970001
212.419998
211.580002
209.309998
208.500000
209.080002
209.339996
207.020004
208.240005
207.699997
208.360001
208.600006
210.279999
210.979996
212.039993
213.190002
213.600006
214.029999
213.690002
212.199997
212.830002
211.559998
208.179993
209.059998
210.770004
211.429993
212.740005
211.699997
211.000000
211.740005
211.520004
209.429993
210.559998
210.229996
208.350006
210.000000
209.699997
209.940002
211.559998
210.380005
207.789993
203.000000
188.509995
196.509995
193.240005
198.250000
199.660004
199.350006
194.279999
195.779999
197.399994
194.009995
197.059998
200.440002
195.690002
196.440002
198.059998
197.830002
199.919998
201.149994
198.000000
198.619995
195.979996
196.259995
194.320007
195.800003
192.850006
189.300003
191.490005
193.139999
190.800003
197.539993
199.419998
200.050003
199.979996
202.630005
202.550003
201.759995
201.320007
201.270004
203.949997
203.660004
204.050003
204.800003
204.149994
208.470001
208.490005
207.330002
208.190002
209.539993
210.259995
209.520004
211.139999
212.509995
211.649994
210.929993
210.479996
208.690002
210.080002
207.649994
205.460007
203.410004
207.139999
207.199997
209.789993
210.660004
210.479996
208.960007
210.729996
210.600006
211.000000
210.639999
211.839996
210.029999
207.250000
210.399994
207.669998
207.380005
206.610001
204.589996
203.220001
205.869995
207.619995
209.589996
205.130005
203.830002
205.039993
207.080002
206.979996
206.089996
207.559998
208.130005
206.210007
201.470001
202.309998
199.360001
196.300003
196.139999
193.949997
194.850006
195.350006
190.479996
187.639999
190.800003
185.929993
187.110001
190.710007
190.860001
189.360001
190.610001
190.899994
190.940002
193.470001
192.940002
192.389999
191.710007
191.960007
186.679993
184.210007
187.300003
183.179993
185.839996
189.759995
192.119995
194.199997
192.130005
194.850006
195.020004
191.589996
194.710007
197.580002
196.139999
196.020004
198.720001
199.789993
201.080002
200.410004
200.369995
200.389999
201.000000
202.320007
203.250000
202.440002
202.639999
204.350006
206.380005
206.250000
205.919998
205.130005
203.050003
204.669998
203.809998
206.259995
206.960007
205.410004
207.919998
205.750000
205.339996
206.220001
206.380005
206.300003
205.270004
208.050003
209.139999
209.119995
208.199997
210.809998
211.029999
211.210007
209.639999
209.369995
210.130005
209.509995
209.550003
207.809998
208.009995
207.550003
206.050003
206.589996
205.130005
206.630005
207.789993
208.979996
208.360001
207.250000
206.000000
207.520004
206.000000
205.080002
205.990005
206.550003
207.250000
209.750000
210.559998
210.610001
211.660004
210.250000
210.910004
211.339996
211.820007
212.660004
212.940002
212.619995
211.580002
210.479996
209.119995
209.630005
207.809998
209.320007
210.990005
209.470001
209.820007
210.990005
204.830002
202.750000
202.639999
206.009995
208.410004
210.550003
210.139999
209.020004
211.070007
212.240005
214.419998
215.770004
216.669998
217.630005
218.020004
217.169998
217.179993
217.990005
218.190002
217.649994
218.240005
217.820007
218.419998
217.520004
217.720001
218.470001
217.910004
216.729996
217.559998
218.509995
219.660004
219.419998
219.600006
219.539993
219.559998
220.149994
219.860001
219.270004
219.600006
219.589996
219.550003
220.509995
220.059998
218.660004
219.160004
218.710007
219.550003
218.889999
218.639999
219.699997
219.949997
220.119995
219.889999
218.270004
213.589996
216.050003
214.529999
214.139999
215.779999
216.490005
216.710007
216.550003
219.360001
219.059998
216.250000
215.259995
217.070007
217.639999
216.880005
217.029999
217.160004
216.610001
216.589996
217.330002
216.250000
216.880005
214.820007
213.350006
215.389999
214.289993
215.449997
215.199997
215.100006
214.190002
216.229996
215.899994
214.419998
215.809998
214.330002
214.160004
214.130005
211.869995
211.169998
210.089996
212.649994
213.919998
213.509995
218.580002
217.320007
218.369995
218.289993
218.779999
219.320007
220.309998
220.419998
221.800003
221.250000
222.360001
222.429993
221.809998
222.940002
221.970001
220.929993
221.940002
222.509995
222.830002
225.899994
226.720001
227.740005
228.380005
228.740005
227.500000
228.669998
227.910004
228.820007
227.669998
226.970001
226.820007
227.389999
227.949997
225.850006
226.130005
226.399994
226.960007
227.630005
227.910004
228.270004
227.830002
227.759995
227.880005
228.130005
227.710007
227.949997
228.210007
228.080002
227.740005
227.800003
230.089996
230.789993
230.820007
229.550003
228.330002
229.690002
228.610001
230.220001
230.259995
230.800003
230.000000
230.960007
232.440002
233.550003
234.020004
234.910004
236.419998
235.389999
237.000000
237.479996
238.380005
236.929993
238.110001
238.179993
239.860001
241.080002
239.660004
238.990005
238.850006
238.839996
238.160004
239.470001
239.100006
238.649994
239.050003
240.610001
240.369995
239.559998
240.020004
236.289993
236.509995
235.839996
233.399994
234.729996
236.479996
236.949997
237.369995
237.270004
236.470001
237.729996
236.460007
236.619995
236.860001
236.369995
236.229996
235.089996
234.580002
235.190002
236.009995
235.649994
236.750000
238.710007
239.410004
240.050003
240.289993
240.449997
240.190002
240.389999
239.809998
240.369995
240.679993
241.309998
241.500000
240.860001
240.880005
240.610001
241.000000
242.169998
239.619995
237.190002
238.809998
240.389999
241.500000
241.839996
242.729996
243.080002
242.869995
243.380005
243.470001
244.979996
245.520004
244.809998
245.179993
245.330002
245.669998
244.669998
245.580002
246.429993
244.240005
245.529999
246.350006
246.990005
246.169998
245.710007
245.690002
246.660004
244.619995
244.160004
245.309998
243.929993
244.500000
244.250000
243.529999
242.820007
243.570007
243.800003
244.970001
245.690002
246.089996
247.130005
246.720001
247.710007
248.960007
248.110001
248.449997
249.360001
249.440002
249.660004
248.320007
249.039993
249.149994
249.160004
248.979996
249.199997
249.169998
249.190002
248.119995
247.949997
245.649994
247.250000
248.669998
248.770004
247.910004
244.539993
244.250000
245.210007
245.970001
246.660004
246.559998
246.809998
244.759995
246.500000
248.389999
249.630005
248.910004
248.550003
248.960007
248.190002
249.750000
251.350006
251.419998
251.509995
251.699997
252.580002
252.960007
253.050003
252.869995
252.009995
252.100006
251.100006
251.600006
251.380005
252.020004
253.190002
254.130005
254.399994
255.270004
255.880005
256.339996
256.350006
256.209991
256.350006
256.899994
256.920013
256.970001
257.640015
256.570007
258.480011
259.209991
258.309998
257.899994
257.750000
258.239990
258.239990
258.940002
259.790009
259.170013
259.540009
260.040009
260.799988
260.250000
259.489990
259.480011
259.059998
259.140015
258.390015
259.299988
259.880005
259.910004
260.950012
261.760010
262.059998
262.179993
262.589996
264.839996
265.579987
266.609985
268.130005
266.440002
265.170013
264.899994
267.260010
268.220001
269.049988
268.899994
268.929993
268.700012
271.309998
270.480011
270.209991
269.679993
269.549988
269.040009
269.299988
269.799988
270.500000
269.839996
271.049988
273.230011
274.549988
275.369995
276.440002
275.720001
276.779999
278.480011
281.399994
280.049988
281.570007
281.890015
282.209991
284.820007
286.130005
286.220001
286.350006
288.109985
284.640015
284.799988
283.160004
282.100006
275.450012
261.880005
270.459991
269.940002
262.769989
265.670013
265.899994
266.359985
273.519989
274.359985
274.040009
273.899994
273.130005
273.850006
277.959991
280.200012
277.739990
273.459991
267.690002
269.709991
275.290009
272.429993
275.570007
277.769989
281.320007
281.929993
279.899994
277.959991
277.660004
276.489990
274.010010
273.980011
269.670013
266.000000
264.070007
267.980011
262.519989
262.859985
264.369995
260.630005
258.519989
267.350006
265.200012
263.230011
266.109985
265.269989
267.089996
269.299988
268.799988
271.179993
272.540009
271.480011
270.649994
269.160004
269.549988
264.700012
266.600006
268.790009
269.070007
265.779999
266.579987
264.000000
263.309998
268.750000
268.329987
269.510010
272.239990
274.040009
275.220001
273.450012
272.980011
273.820007
273.489990
274.859985
275.859985
273.049988
274.829987
274.049988
272.160004
272.450012
274.089996
274.320007
276.399994
276.929993
277.730011
279.899994
278.779999
280.339996
281.029999
281.130005
280.910004
279.839996
278.679993
277.190002
279.480011
279.149994
278.890015
276.600006
273.500000
274.079987
271.079987
273.989990
271.359985
274.750000
274.049988
275.029999
278.450012
280.200012
279.070007
280.179993
281.119995
281.600006
280.399994
282.549988
282.269989
281.709991
281.399994
283.720001
283.350006
285.179993
285.700012
283.470001
282.829987
283.459991
281.350006
284.529999
285.549988
287.429993
287.410004
287.510010
285.429993
285.470001
284.929993
284.369995
285.369995
285.869995
287.600006
288.309998
287.910004
287.970001
288.480011
290.899994
292.390015
292.250000
293.000000
291.929993
291.940002
291.500000
291.190002
289.000000
290.820007
289.399994
291.130005
292.390015
293.160004
292.910004
291.660004
293.029999
294.739990
296.570007
294.790009
294.970001
293.040009
292.570007
292.149994
294.299988
293.730011
294.920013
293.390015
291.869995
289.170013
289.549988
288.940002
279.230011
278.829987
277.589996
278.649994
282.549988
281.470001
279.260010
279.059998
272.959991
275.390015
269.369995
267.869995
270.839996
265.640015
272.790009
273.660004
276.750000
274.579987
275.399994
279.630005
282.299988
281.149994
279.250000
275.109985
276.200012
270.809998
273.829987
275.109985
267.309998
267.799988
265.100006
267.760010
268.450012
271.609985
275.779999
275.859985
282.429993
280.489990
267.920013
271.450012
265.339996
269.609985
269.480011
268.440002
264.899994
259.980011
257.670013
255.589996
250.220001
248.550003
240.800003
237.729996
244.330002
251.029999
251.039993
247.539993
249.789993
249.059998
254.240005
258.380005
259.089996
257.820007
259.239990
258.399994
259.369995
262.359985
261.619995
266.559998
266.369995
265.619995
264.790009
267.190002
265.000000
265.470001
266.670013
269.119995
271.799988
271.769989
274.119995
274.440002
272.579987
270.350006
272.839996
274.059998
276.720001
275.440002
278.010010
278.209991
279.549988
279.450012
279.859985
282.459991
280.809998
280.279999
280.660004
282.200012
283.369995
281.279999
280.869995
278.529999
274.579987
276.959991
280.790009
282.230011
283.140015
283.559998
284.570007
286.510010
284.059998
282.510010
285.119995
280.769989
282.869995
283.019989
282.250000
284.309998
286.640015
287.970001
289.250000
288.739990
289.859985
290.029999
289.730011
289.720001
290.769989
291.970001
292.239990
292.920013
293.380005
292.089996
291.130005
292.649994
294.750000
294.130005
294.109985
295.510010
295.489990
296.730011
293.640015
294.790009
291.220001
292.130005
289.549988
287.200012
287.589996
284.309998
283.910004
283.500000
287.769989
287.089996
286.049988
287.769989
287.350006
285.100006
285.660004
285.019989
280.779999
280.959991
278.059998
277.149994
278.959991
284.250000
285.209991
287.899994
291.359985
293.000000
290.660004
291.399994
291.309998
289.750000
291.630005
292.790009
296.320007
295.790009
295.899994
295.350006
293.420013
292.989990
294.279999
298.369995
297.290009
298.890015
299.179993
298.709991
297.230011
300.119995
301.049988
301.609985
302.859985
302.410004
301.470001
298.890015
301.779999
299.329987
300.910004
300.940002
302.709991
302.500000
303.630005
301.649994
302.760010
299.320007
295.519989
289.769989
287.540009
286.010010
291.260010
294.269989
291.579987
289.369995
289.700012
286.519989
288.140015
293.859985
293.489990
294.149994
294.950012
292.630005
288.910004
291.209991
287.750000
293.429993
295.959991
292.260010
294.859985
298.540009
299.940002
300.929993
299.079987
300.250000
303.019989
303.559998
301.570007
301.679993
302.250000
303.329987
303.559998
300.690002
301.070007
297.570007
299.279999
299.529999
297.609985
299.399994
293.149994
289.399994
292.790009
295.140015
292.660004
292.369995
292.809998
297.950012
297.579987
298.730011
300.029999
301.350006
300.399994
301.089996
302.299988
300.390015
302.570007
301.450012
304.549988
304.730011
305.130005
305.829987
306.649994
309.630005
309.359985
308.760010
310.320007
309.529999
309.200012
310.500000
309.619995
310.529999
312.769989
313.299988
314.470001
313.059998
312.630005
312.859985
313.750000
315.230011
316.470001
316.690002
316.429993
310.390015
312.450012
314.010010
315.929993
316.200012
315.649994
315.839996
316.230011
318.730011
319.000000
319.779999
319.829987
319.600006
321.859985
322.970001
322.869995
323.059998
325.190002
324.410004
321.959991
