253
146.830002
145.220001
143.630005
142.059998
142.300003
139.270004
139.940002
140.990005
141.300003
139.960007
137.610001
137.880005
134.410004
126.730003
127.480003
134.529999
136.759995
133.520004
136.360001
135.839996
133.669998
138.190002
139.449997
136.139999
134.779999
132.380005
133.500000
133.389999
135.169998
136.339996
137.240005
134.750000
137.589996
134.289993
136.899994
135.199997
135.839996
137.000000
137.850006
137.559998
135.860001
133.399994
132.440002
133.679993
133.270004
130.009995
130.080002
130.960007
133.020004
129.839996
133.050003
126.550003
130.869995
134.369995
130.869995
134.270004
135.110001
134.729996
134.509995
133.190002
131.479996
133.910004
137.320007
136.139999
137.279999
138.139999
136.429993
136.809998
135.630005
134.669998
133.380005
133.759995
134.770004
136.220001
139.169998
138.449997
138.369995
138.300003
138.289993
139.669998
140.130005
139.639999
139.559998
138.600006
142.610001
141.330002
140.210007
142.130005
140.009995
138.789993
139.460007
141.070007
141.289993
141.270004
143.070007
143.039993
142.509995
142.020004
139.660004
139.309998
138.050003
139.389999
139.320007
140.690002
140.020004
139.539993
137.949997
138.800003
139.839996
137.130005
135.850006
136.190002
134.789993
135.429993
135.720001
137.309998
134.970001
134.350006
133.750000
132.960007
131.300003
131.899994
130.789993
128.550003
128.110001
126.769997
129.070007
127.330002
126.989998
125.199997
127.750000
124.690002
124.180000
125.580002
122.000000
121.930000
125.389999
126.410004
126.760002
125.360001
128.149994
128.539993
126.099998
125.650002
124.199997
127.269997
127.620003
127.379997
126.220001
126.279999
128.289993
128.199997
126.760002
129.729996
130.500000
128.979996
128.089996
130.119995
130.729996
127.620003
127.620003
126.980003
128.940002
128.970001
127.320000
127.800003
129.449997
129.889999
130.309998
128.100006
127.150002
123.470001
128.300003
127.290001
124.089996
122.360001
124.529999
121.970001
117.400002
119.800003
118.139999
125.959999
125.370003
121.750000
120.029999
119.800003
119.139999
119.330002
113.739998
115.370003
115.180000
113.089996
107.330002
106.989998
97.739998
99.849998
86.989998
94.169998
105.010002
97.889999
91.430000
92.190002
95.650002
97.260002
93.400002
90.470001
84.720001
86.139999
87.589996
93.860001
95.879997
95.320000
97.000000
99.220001
99.410004
94.739998
91.879997
95.309998
90.889999
88.400002
86.279999
89.570000
86.459999
85.330002
86.070000
80.309998
77.610001
82.120003
87.489998
84.459999
88.750000
87.660004
83.660004
83.559998
86.220001
83.779999
90.580002
90.550003
90.570000
89.720001
85.750000
89.139999
88.580002
91.029999
91.580002
89.970001
89.570000
88.500000
86.720001
87.500000
87.470001
87.779999
89.349998
